-1151.907118    -3870.820318    -5674.011847
-1132.560762    -3492.921717    -5917.045220
-1108.420480    -3100.238975    -6134.965413
-1079.587769    -2694.432352    -6326.843699
-1046.182916    -2277.215424    -6491.855192
-1008.344601    -1850.349129    -6629.281839
 -966.229470    -1415.635686    -6738.515190
 -920.011649     -974.912342    -6819.058913
 -869.882192     -530.044952    -6870.531024
 -816.048467      -82.921448    -6892.665782
 -758.733500      364.554764    -6885.315312
 -698.175286      810.471512    -6848.450999
 -634.626043     1252.914746    -6782.164654
 -568.351408     1689.975638    -6686.669339
 -499.629565     2119.757828    -6562.299770
 -428.750324     2540.384716    -6409.512316
 -356.014164     2950.006818    -6228.884680
 -281.731226     3346.809264    -6021.115273
 -206.220220     3729.019501    -5787.022190
 -129.807240     4094.915145    -5527.541645
  -52.824525     4442.831872    -5243.725847
   24.390849     4771.171294    -4936.740314
  101.498320     5078.408797    -4607.860658
  178.155256     5363.101364    -4258.468806
  254.018439     5623.895317    -3890.048595
  328.745608     5859.533937    -3504.180712
  401.997048     6068.864849    -3102.536935
  473.437220     6250.847082    -2686.873705
  542.736419     6404.557745    -2259.025075
  609.572455     6529.198308    -1820.895040
  673.632338     6624.100438    -1374.449235
  734.613977     6688.731257     -921.705956
  792.227876     6722.697895     -464.726600
  846.198808     6725.751248       -5.605650
  896.267425     6697.789010      453.539727
  942.191800     6638.857916      910.580491
  983.748867     6549.155089     1363.386897
 1020.735770     6429.028395     1809.839868
 1052.971108     6278.975810     2247.842435
 1080.296082     6099.643870     2675.331157
 1102.575516     5891.825175     3090.287533
 1119.698732     5656.454857     3490.749272
 1131.580235     5394.606008     3874.821247
 1138.160203     5107.484211     4240.685957
 1139.404834     4796.421265     4586.613486
 1135.306568     4462.868179     4910.970946
 1125.884187     4108.387393     5212.231361
 1111.182738     3734.644250     5488.981876
 1091.273241     3343.397831     5739.931176
 1066.252182     2936.491294     5963.916080
 1036.240872     2515.841800     6159.907319
 1001.384700     2083.430062     6327.014498
  961.852257     1641.289563     6464.490153
  917.834338     1191.495575     6571.732848
  869.542804      736.154133     6648.289349
  817.209369      277.391026     6693.855953
  761.084289     -182.659194     6708.279004
  701.434961     -641.864132     6691.554557
  638.544437    -1098.104298     6643.827189
  572.709882    -1549.283576     6565.388033
  504.240996    -1993.339405     6456.672103
  433.458380    -2428.252665     6318.254897
  360.691859    -2852.057202     6150.848298
  286.278771    -3262.848909     5955.295769
  210.562276    -3658.794288     5732.566953
  133.889670    -4038.138480     5483.751738
   56.610702    -4399.212719     5210.053880
  -20.924130    -4740.441275     4912.784227
  -98.365251    -5060.347882     4593.353547
 -175.365643    -5357.561610     4253.264915
 -251.582381    -5630.822083     3894.105722
 -326.678115    -5878.983978     3517.539427
 -400.322506    -6101.020866     3125.297178
 -472.193643    -6296.028452     2719.169320
 -541.979409    -6463.227216     2300.996787
 -609.378748    -6601.964419     1872.662422
 -674.102833    -6711.715488     1436.082322
 -735.876152    -6792.084845      993.197234
 -794.437531    -6842.806192      545.963991
 -849.541081    -6863.742205       96.347020
 -900.957060    -6854.883640     -353.689985
 -948.472635    -6816.347934     -802.192168
 -991.892554    -6748.377357    -1247.221367
-1031.039750    -6651.336741    -1686.863764
-1065.755865    -6525.710767    -2119.237283
-1095.901690    -6372.100861    -2542.498688
-1121.357537    -6191.221754    -2954.850384
-1142.023538    -5983.897735    -3354.546928
-1157.819860    -5751.058595    -3739.901264
-1168.686844    -5493.735273    -4109.290631
-1174.585054    -5213.055275    -4461.162128
-1175.495266    -4910.237904    -4794.037968
-1171.418423    -4586.589314    -5106.520461
-1162.375552    -4243.497358    -5397.296712
-1148.407631    -3882.426256    -5665.143020
-1129.575391    -3504.911103    -5908.928980
-1105.959042    -3112.552247    -6127.621297
-1077.657939    -2707.009531    -6320.287316
-1044.790211    -2289.996408    -6486.098278
-1007.492357    -1863.273968    -6624.332306
 -965.918818    -1428.644838    -6734.377177
 -920.241496     -987.946926    -6815.732842
 -870.649215     -543.047004    -6868.013660
 -817.347126      -95.834193    -6890.950325
 -760.556069      351.786639    -6884.391532
 -700.511898      797.901629    -6848.305437
 -637.464743     1240.594883    -6782.780811
 -571.678208     1677.955609    -6688.027807
 -503.428503     2108.085320    -6564.378310
 -433.003552     2529.105073    -6412.285987
 -360.702034     2939.162851    -6232.326064
 -286.832360     3336.441168    -6025.194737
 -211.711565     3719.164838    -5791.708051
 -135.664141     4085.608784    -5532.800247
  -59.020827     4434.105836    -5249.521621
   17.882661     4763.054576    -4943.035943
   94.706974     5070.927253    -4614.617318
  171.110569     5356.277687    -4265.646411
  246.751216     5617.749055    -3897.606002
  321.287537     5854.081483    -3512.075881
  394.380597     6064.119401    -3110.727106
  465.695524     6246.818609    -2695.315614
  534.903183     6401.253001    -2267.675186
  601.681877     6526.620898    -1829.709794
  665.719050     6622.250930    -1383.385242
  726.712960     6687.607307     -930.720137
  784.374321     6722.294340     -473.776279
  838.427911     6726.060181      -14.648626
  888.614158     6698.799822      444.545099
  934.690692     6640.557323      901.675184
  976.433827     6551.527179     1354.611060
 1013.639950     6432.054716     1801.232669
 1046.126786     6282.635499     2239.441937
 1073.734527     6103.913771     2667.174258
 1096.326819     5896.679895     3082.409904
 1113.791602     5661.866802     3483.185239
 1126.041827     5400.545464     3867.603619
 1133.016003     5113.919460     4233.845866
 1134.678576     4803.318711     4580.180258
 1131.020117     4470.192442     4904.971965
 1122.057363     4116.101437     5206.691909
 1107.833126     3742.709605     5483.924993
 1088.416056     3351.774874     5735.377621
 1063.900220     2945.139470     5959.884386
 1034.404512     2524.719728     6156.413854
 1000.071905     2092.495570     6324.073410
  961.068583     1650.499758     6462.113210
  917.582941     1200.807015     6569.929257
  869.824452      745.523057     6647.065639
  818.022440      286.773567     6693.215907
  762.424773     -173.306807     6708.223593
  703.296488     -632.585355     6692.081866
  640.918332    -1088.942010     6644.932385
  575.585213    -1540.279815     6567.063395
  507.604595    -1984.535139     6458.907078
  437.294873    -2419.687564     6321.036156
  364.983730    -2843.769395     6154.159791
  291.006487    -3254.874730     5959.118850
  215.704400    -3651.168063     5736.880562
  139.422955    -4030.892369     5488.532610
   62.510166    -4392.376630     5215.276714
  -14.685074    -4734.042768     4918.421793
  -91.814612    -5054.412030     4599.376751
 -168.532619    -5352.110808     4259.642919
 -244.497169    -5625.875868     3900.806146
 -319.371766    -5874.558924     3524.528594
 -392.826828    -6097.130519     3132.540330
 -464.541080    -6292.683261     2726.630809
 -534.202868    -6460.434456     2308.640311
 -601.511419    -6599.728166     1880.451313
 -666.178033    -6710.036688     1443.979827
 -727.927205    -6790.961395     1001.166716
 -786.497652    -6842.232969      553.969108
 -841.643241    -6863.711072      104.351962
 -893.133830    -6855.383533     -345.720221
 -940.756051    -6817.365027     -794.291530
 -984.314006    -6749.895247    -1239.422584
-1023.629882    -6653.336568    -1679.198208
-1058.544456    -6528.171331    -2111.734792
-1088.917530    -6374.998781    -2535.187374
-1114.628286    -6194.531675    -2947.756479
-1135.575581    -5987.592540    -3347.694664
-1151.678174    -5755.109621    -3733.312756
-1162.874895    -5498.112565    -4102.985753
-1169.124744    -5217.727878    -4455.158463
-1170.406915    -4915.174120    -4788.350836
-1166.720748    -4591.756849    -5101.162958
-1158.085612    -4248.863424    -5392.279673
-1144.540750    -3887.957722    -5660.474905
-1126.145095    -3510.574757    -5904.615778
-1102.977017    -3118.315117    -6123.666521
-1075.134025    -2712.839188    -6316.692120
-1042.732383    -2295.861208    -6482.861627
-1005.906708    -1869.143219    -6621.451166
 -964.809524    -1434.488916    -6731.846674
 -919.610790     -993.737369    -6813.546376
 -870.497371     -548.756634    -6866.162986
 -817.672456     -101.437264    -6889.425657
 -761.354937      346.314306    -6883.181703
 -701.778736      792.582567    -6847.398059
 -639.192091     1235.449935    -6782.162404
 -573.856771     1673.003861    -6687.683882
 -506.047220     2103.344001    -6564.293494
 -436.049645     2524.589488    -6412.444203
 -364.161047     2934.886376    -6232.710718
 -290.688203     3332.415266    -6025.788844
 -215.946594     3715.399036    -5792.494372
 -140.259268     4082.110649    -5533.761491
  -63.955609     4430.881044    -5250.640725
   12.629963     4760.107117    -4944.296292
   89.159378     5068.259663    -4616.002798
  165.292333     5353.891163    -4267.141332
  240.687746     5615.643441    -3899.195034
  315.005280     5852.255228    -3513.744103
  387.906929     6062.569608    -3112.460130
  459.058663     6245.541171    -2697.099667
  528.132095     6400.242733    -2269.497117
  594.806149     6525.871601    -1831.557020
  658.768736     6621.755370    -1385.245743
  719.718429     6687.357188     -932.582538
  777.366136     6722.280366     -475.630015
  831.436748     6726.272254      -16.484094
  881.670745     6699.227318      442.736516
  927.825718     6641.189335      899.901234
  969.677788     6552.352606     1352.878814
 1007.022929     6433.062229     1799.548652
 1039.678232     6283.813501     2237.812150
 1067.483092     6105.250414     2665.604159
 1090.300263     5898.163142     3080.904405
 1108.016711     5663.484463     3481.748728
 1120.544289     5402.285238     3866.239941
 1127.820252     5115.769054     4232.558307
 1129.807653     4805.266016     4578.971609
 1126.495586     4472.225650     4903.844696
 1117.899254     4118.209034     5205.648348
 1104.059864     3744.880268     5482.967424
 1085.044370     3353.997358     5734.508298
 1060.945060     2947.402501     5959.105498
 1031.878991     2527.011899     6155.727410
  997.987263     2094.805321     6323.481052
  959.434133     1652.815486     6461.616056
  916.406000     1203.117241     6569.527866
  869.110267      747.816512     6646.760058
  817.774148      289.039208     6693.005667
  762.643409     -171.079756     6708.107643
  703.981027     -630.407283     6692.058536
  642.065721    -1086.822820     6644.999444
  577.190382    -1538.228896     6567.218100
  509.660467    -1982.561341     6459.146158
  439.792393    -2417.799127     6321.355781
  367.911917    -2841.973846     6154.555592
  294.352469    -3253.178822     5959.585975
  219.453477    -3649.577739     5737.413706
  143.558683    -4029.412699     5489.126029
   67.014486    -4391.011732     5215.924279
   -9.831722    -4732.795765     4919.117076
  -86.633201    -5053.285045     4600.113106
 -163.045485    -5351.104944     4260.413519
 -238.727943    -5624.991158     3901.604034
 -313.345292    -5873.794275     3525.346776
 -386.569042    -6096.483716     3133.371902
 -458.078879    -6292.151015     2727.469076
 -527.563977    -6460.012475     2309.478852
 -594.724252    -6599.411213     1881.284011
 -659.271560    -6709.818589     1444.800873
 -720.930809    -6790.835015     1001.970647
 -779.440991    -6842.190177      554.750893
 -834.556098    -6863.742739      105.107117
 -886.045974    -6855.479568     -344.995500
 -933.697090    -6817.514446     -793.600243
 -977.313247    -6750.086267    -1238.766806
-1016.716195    -6653.556759    -1678.578964
-1051.746163    -6528.407790    -2111.151975
-1082.262294    -6375.238320    -2534.639708
-1108.143006    -6194.760983    -2947.241500
-1129.286291    -5987.798350    -3347.208720
-1145.609943    -5755.278884    -3732.851018
-1157.051730    -5498.232629    -4102.542288
-1163.569494    -5217.786619    -4454.726310
-1165.141171    -4915.160046    -4787.922070
-1161.764735    -4591.659232    -5100.728728
-1153.458096    -4248.672463    -5391.830267
-1140.258950    -3887.664703    -5659.999867
-1122.224607    -3510.172154    -5904.104050
-1099.431772    -3117.796651    -6123.106554
-1071.976270    -2712.199881    -6316.071949
-1039.972710    -2295.097457    -6482.168959
-1003.554083    -1868.252863    -6620.673495
 -962.871308    -1433.471278    -6730.971405
 -918.092723     -992.593300    -6812.560949
 -869.403540     -547.488561    -6865.055019
 -817.005254     -100.049216    -6888.183115
 -761.115038      347.816721    -6881.793055
 -701.965096      794.192201    -6845.852393
 -639.801969     1237.158103    -6780.449519
 -574.885757     1674.800329    -6685.794423
 -507.489273     2105.217003    -6562.219134
 -437.897124     2526.525807    -6410.177826
 -366.404757     2936.871453    -6230.246564
 -293.317441     3334.433313    -6023.122654
 -218.949179     3717.433173    -5789.623524
 -143.621548     4084.143081    -5530.685121
  -67.662479     4432.893243    -5247.359792
    8.595017     4762.079978    -4940.813631
   84.814192     5070.173685    -4612.323217
  160.655981     5355.726727    -4263.271703
  235.780497     5617.381129    -3895.144267
  309.848561     5853.876075    -3509.522988
  382.523258     6064.055200    -3108.081143
  453.471512     6246.873684    -2692.576878
  522.365739     6401.405046    -2264.846180
  588.885548     6526.847516    -1826.795138
  652.719489     6622.529839    -1380.391524
  713.566750     6687.916433     -927.655786
  771.138780     6722.611884     -470.651567
  825.160845     6726.364818      -11.475759
  875.373585     6699.071092      447.751960
  921.534564     6640.776109      904.900102
  963.419801     6551.676081     1357.836692
 1000.825170     6432.118243     1804.440688
 1033.567649     6282.600137     2242.613411
 1061.486436     6103.767996     2670.289971
 1084.443932     5896.414135     3085.450645
 1102.326597     5661.473345     3486.132011
 1115.045645     5400.018393     3870.437759
 1122.537584     5113.254691     4236.549173
 1124.764617     4802.514045     4582.735242
 1121.714895     4469.247502     4907.362169
 1113.402616     4115.017470     5208.902159
 1099.867929     3741.489250     5485.941537
 1081.176627     3350.421918     5737.188203
 1057.419667     2943.658575     5961.478229
 1028.712565     2523.116216     6157.781482
  995.194720     2090.775407     6325.206430
  957.028612     1648.669701     6463.004261
  914.398823     1198.874665     6570.572161
  867.510918      743.496726     6647.455498
  816.590249      284.662130     6693.349014
  761.880709     -175.493897     6708.097301
  703.643379     -634.837988     6691.694612
  642.155052    -1091.249453     6644.283797
  577.706677    -1542.630846     6566.154305
  510.601798    -1986.918124     6457.739422
  441.154959    -2422.090466     6319.612901
  369.690080    -2846.179798     6152.484934
  296.538762    -3257.279927     5957.197403
  222.038584    -3653.555123     5734.718463
  146.531411    -4033.248129     5486.136611
   70.361739    -4394.687639     5212.654300
   -6.124926    -4736.295236     4915.581136
  -82.583647    -5056.591780     4596.326700
 -158.671620    -5354.203261     4256.392993
 -234.049722    -5627.866038     3897.366527
 -308.384028    -5876.431405     3520.910111
 -381.347275    -6098.869449     3128.754462
 -452.620255    -6294.272299     2722.689732
 -521.893131    -6461.856792     2304.556931
 -588.866667    -6600.966515     1876.239262
 -653.253381    -6711.073206     1439.653476
 -714.778625    -6791.777588      996.741316
 -773.181614    -6842.809734      549.461053
 -828.216407    -6864.028922       99.779009
 -879.652784    -6855.422878     -350.338861
 -927.277031    -6817.106392     -798.935182
 -970.892636    -6749.319445    -1244.069060
-1010.320928    -6652.424946    -1683.823717
-1045.401655    -6526.906086    -2116.313906
-1075.993468    -6373.363263    -2539.693102
-1101.974280    -6192.510606    -2952.160379
-1123.241533    -5985.172180    -3351.966936
-1139.712387    -5752.277944    -3737.422324
-1151.323882    -5494.859443    -4106.900372
-1158.033031    -5214.045247    -4458.844824
-1159.816857    -4911.056175    -4791.774650
-1156.672372    -4587.200307    -5104.289062
-1148.616483    -4243.867832    -5395.072243
-1135.685856    -3882.525696    -5662.897779
-1117.936720    -3504.712097    -5906.632796
-1095.444623    -3112.030834    -6125.241797
-1068.304141    -2706.145528    -6317.790229
-1036.628544    -2288.773713    -6483.447778
-1000.549423    -1861.680815    -6621.491394
 -960.216261    -1426.674001    -6731.308084
 -915.795949     -985.595895    -6812.397455
 -867.472246     -540.318128    -6864.373973
 -815.445195      -92.734765    -6886.968917
 -759.930511      355.244370    -6880.032037
 -701.158926      801.700489    -6843.532952
 -639.375493     1244.712791    -6777.562274
 -574.838802     1682.365572    -6682.332402
 -507.820153     2112.755470    -6558.177966
 -438.602666     2533.998821    -6405.555938
 -367.480333     2944.239190    -6225.045381
 -294.756992     3341.655050    -6017.346776
 -220.745237     3724.467575    -5783.280846
 -145.765250     4090.948466    -5523.786899
  -70.143594     4439.427835    -5239.920700
    5.788064     4768.302167    -4932.851821
   81.694300     5076.042320    -4603.860369
  157.237324     5361.201421    -4254.333042
  232.078437     5622.422599    -3885.758570
  305.879541     5858.446513    -3499.722574
  378.304715     6068.118702    -3097.901799
  449.021857     6250.396666    -2682.057682
  517.704330     6404.356603    -2254.029230
  584.032620     6529.199692    -1815.725234
  647.695994     6624.257840    -1369.115859
  708.394178     6688.998829     -916.223677
  765.839055     6723.030852     -459.114199
  819.756344     6726.106401        0.114143
  869.887224     6698.125387      459.340566
  915.989869     6639.137315      916.432937
  957.840881     6549.342461     1369.259020
  995.236614     6429.092109     1815.697852
 1027.994407     6278.887810     2253.651200
 1055.953677     6099.379628     2681.054972
 1078.976880     5891.363477     3095.890404
 1096.950384     5655.777759     3496.195062
 1109.785223     5393.699169     3880.073858
 1117.417666     5106.337283     4245.709955
 1119.809537     4795.027861     4591.374982
 1116.948350     4461.225345     4915.438215
 1108.847385     4106.495066     5216.374988
 1095.545695     3732.505036     5492.774760
 1077.107924     3341.016916     5743.348729
 1053.623858     2933.876182     5966.936504
 1025.207780     2513.001941     6162.511698
  991.997753     2080.376581     6329.186703
  954.154821     1638.035107     6466.216772
  911.862062     1188.054123     6573.003149
  865.323484      732.540776     6649.095155
  814.762826      273.621860     6694.191435
  760.422300     -186.567048     6708.140570
  702.561228     -645.892547     6690.940860
  641.454590    -1102.234259     6642.739134
  577.391503    -1553.495310     6563.828687
  510.673673    -1997.612459     6454.646588
  441.613784    -2432.565995     6315.770326
  370.533833    -2856.389332     6147.913663
  297.763444    -3267.178056     5951.921701
  223.638218    -3663.098340     5728.765405
  148.498121    -4042.394829     5479.535743
   72.685897    -4403.398089     5205.437425
   -3.454540    -4744.531588     4907.782180
  -79.579713    -5064.318143     4587.981577
 -155.348180    -5361.385755     4247.539456
 -230.422091    -5634.472830     3888.044030
 -304.468691    -5882.432746     3511.159707
 -377.161780    -6104.237753     3118.618716
 -448.183089    -6298.982220     2712.212603
 -517.223595    -6465.885255     2293.783668
 -583.984762    -6604.292769     1865.216364
 -648.179731    -6713.678971     1428.428683
 -709.534452    -6793.647307      985.363502
 -767.788741    -6843.930770      537.979943
 -822.697243    -6864.391575       88.244843
 -874.030271    -6855.020259     -361.875577
 -921.574560    -6815.934303     -810.423795
 -965.133949    -6747.376328    -1255.458860
-1004.529984    -6649.711858    -1695.064049
-1039.602456    -6523.426656    -2127.354277
-1070.209862    -6369.123679    -2550.483238
-1096.229796    -6187.519681    -2962.650264
-1117.559268    -5979.441476    -3362.106927
-1134.114936    -5745.821862    -3747.163324
-1145.833267    -5487.695259    -4116.194020
-1152.670628    -5206.193124    -4467.643657
-1154.603326    -4902.539167    -4800.032256
-1151.627589    -4578.044376    -5111.960239
-1143.759488    -4234.101832    -5402.113154
-1131.034797    -3872.181382    -5669.266102
-1113.508805    -3493.824144    -5912.287900
-1091.256070    -3100.636852    -6130.144971
-1064.370120    -2694.286026    -6321.904940
-1032.963110    -2276.492021    -6486.739905
 -997.165445    -1849.022982    -6623.929440
 -957.125380    -1413.688696    -6732.863368
 -913.008561     -972.334289    -6813.044293
 -864.997514     -526.833759    -6864.089854
 -813.291059      -79.083410    -6885.734667
 -758.103683      369.004836    -6877.832007
 -699.664865      815.510245    -6840.355210
 -638.218378     1258.510251    -6773.398797
 -574.021527     1696.087568    -6677.179260
 -507.344341     2126.337448    -6552.035537
 -438.468690     2547.375104    -6398.429159
 -367.687321     2957.343319    -6216.943970
 -295.302816     3354.420179    -6008.285367
 -221.626501     3736.826833    -5773.279048
 -146.977299     4102.835293    -5512.869348
  -71.680535     4450.776337    -5228.117123
    3.933331     4779.047527    -4920.197071
   79.530053     5086.121206    -4590.394391
  154.773010     5370.552371    -4240.100819
  229.324675     5630.986405    -3870.810084
  302.848135     5866.166669    -3484.112761
  375.008667     6074.941908    -3081.690429
  445.475346     6256.273322    -2665.309149
  513.922682     6409.241267    -2236.812304
  580.032275     6533.051554    -1798.112789
  643.494487     6627.041245    -1351.184522
  704.010134     6690.683781     -898.053322
  761.292156     6723.593395     -440.787283
  815.067248     6725.528809       18.513289
  865.077420     6696.396179      477.726388
  911.081483     6636.251182      934.719204
  952.856465     6545.300179     1387.359261
  990.198979     6423.900487     1833.525699
 1022.926501     6272.559743     2271.120710
 1050.878503     6091.934278     2698.081038
 1073.917431     5882.826449     3112.389358
 1091.929554     5646.181075     3512.085414
 1104.825708     5383.080974     3895.276955
 1112.541872     5094.741472     4260.150402
 1115.039534     4782.503832     4604.980964
 1112.305858     4447.827836     4928.141950
 1104.353731     4092.283833     5228.113282
 1091.221700     3717.544331     5503.489433
 1072.973745     3325.375013     5752.986819
 1049.698847     2917.625084     5975.450475
 1021.510387     2496.217081     6169.859833
  988.545449     2063.136278     6335.333513
  950.963996     1620.419886     6471.133134
  908.947922     1170.146180     6576.666213
  862.699952      714.423657     6651.488308
  812.442451      255.380108     6695.304438
  758.416155     -204.848415     6707.969672
  700.878832     -664.128600     6689.488736
  640.103851    -1120.340626     6640.014717
  576.378662    -1571.388590     6559.847048
  510.003228    -2015.210700     6449.428809
  441.288412    -2449.789203     6309.343218
  370.554386    -2873.159826     6140.309321
  298.129054    -3283.420639     5943.177076
  224.346466    -3678.740390     5718.922028
  149.545193    -4057.366451     5468.639572
   74.066665    -4417.632351     5193.538709
   -1.746499    -4757.964796     4894.935298
  -77.552117    -5076.890106     4574.244855
 -153.010037    -5373.040068     4232.974949
 -227.783666    -5645.157144     3872.717239
 -301.541481    -5892.098977     3495.139246
 -373.958468    -6112.842218     3101.975969
 -444.717516    -6306.485743     2695.021413
 -513.510735    -6472.253296     2276.120022
 -580.040695    -6609.495524     1847.158014
 -644.021581    -6717.691384     1410.054726
 -705.180278    -6796.448966      966.754005
 -763.257385    -6845.505777      519.215690
 -818.008166    -6864.728487       69.407180
 -869.203412    -6854.112122     -380.704886
 -916.630214    -6813.778730     -829.162754
 -960.092664    -6743.975571    -1274.025476
 -999.412469    -6645.072862    -1713.376576
-1034.429510    -6517.561107    -2145.331489
-1065.002313    -6362.048018    -2568.044723
-1091.008446    -6179.255074    -2979.716733
-1112.344812    -5970.013734    -3378.600482
-1128.927877    -5735.261366    -3763.007688
-1140.693820    -5476.036904    -4131.314753
-1147.598635    -5193.476282    -4481.968381
-1149.618176    -4888.807636    -4813.490904
-1146.748142    -4563.346314    -5124.485309
-1139.004008    -4218.489693    -5413.639966
-1126.420901    -3855.711818    -5679.733068
-1109.053415    -3476.557898    -5921.636784
-1086.975380    -3082.638630    -6138.321151
-1060.279559    -2675.624363    -6328.857674
-1029.077305    -2257.239120    -6492.422621
 -993.498175    -1829.254505    -6628.300024
 -953.689525    -1393.483515    -6735.884400
 -909.816059     -951.774240    -6814.683229
 -862.059328     -506.003443    -6864.319194
 -810.617157      -58.069983    -6884.532165
 -755.703030      390.111901    -6875.180903
 -697.545428      836.619442    -6836.244454
 -636.387119     1279.528328    -6767.823260
 -572.484410     1716.919827    -6670.139978
 -506.106311     2146.888109    -6543.539977
 -437.533642     2567.547751    -6388.491445
 -367.058066     2977.041396    -6205.585027
 -294.981077     3373.547456    -5995.532987
 -221.612919     3755.287867    -5759.167953
 -147.271443     4120.535914    -5497.441248
  -72.280882     4467.624194    -5211.420729
    3.029432     4794.952628    -4902.288031
   78.326406     5100.996429    -4571.335174
  153.274549     5384.313970    -4219.960583
  227.537419     5643.554543    -3849.664536
  300.779140     5877.466010    -3462.043955
  372.666012     6084.902211    -3058.786481
  442.868147     6264.830011    -2641.663855
  511.061103     6416.335918    -2212.524677
  576.927519     6538.632295    -1773.286572
  640.158772     6631.063123    -1325.927732
  700.456667     6693.109182     -872.477799
  757.535133     6724.392496     -415.008144
  811.121845     6724.679945       44.378326
  860.959758     6693.886036      503.557718
  906.808557     6632.074876      960.395955
  948.446069     6539.461400     1412.759831
  985.669652     6416.411762     1858.528369
 1018.297492     6263.442715     2295.604434
 1046.169711     6081.219806     2721.926401
 1069.149299     5870.554440     3135.479560
 1087.122911     5632.400051     3534.307117
 1100.001623     5367.847526     3916.520874
 1107.721580     5078.119847     4280.311692
 1110.244423     4764.565746     4623.959634
 1107.557441     4428.652373     4945.843503
 1099.673511     4071.957154     5244.449542
 1086.630951     3696.159093     5518.379303
 1068.493316     3303.029614     5766.356793
 1045.349092     2894.422911     5987.234934
 1017.311168     2472.265786     6180.001225
  984.516098     2038.547138     6343.782467
  947.123199     1595.307269     6477.848565
  905.313552     1144.627082     6581.615537
  859.288922      688.617131     6654.647738
  809.270604      229.406517     6696.659197
  755.498168     -230.868200     6707.513971
  698.228132     -690.073885     6687.225610
  637.732534    -1146.091502     6635.955875
  574.297427    -1596.826587     6554.012697
  508.221321    -2040.219440     6441.847296
  439.813623    -2474.254848     6300.050546
  369.393098    -2896.971296     6129.348783
  297.286304    -3306.469821     5930.599172
  223.825967    -3700.922569     5704.784519
  149.349297    -4078.580949     5453.007413
   74.196297    -4437.783193     5176.483735
   -1.291893    -4776.961259     4876.535711
  -76.774617    -5094.647114     4554.584617
 -151.913274    -5389.478435     4212.143141
 -226.372835    -5660.203669     3850.807480
 -299.823289    -5905.686482     3472.249226
 -371.941055    -6124.909627     3078.207095
 -442.410344    -6316.978251     2670.478482
 -510.924474    -6481.122575     2250.910842
 -577.187111    -6616.699899     1821.392997
 -640.913436    -6723.195971     1383.846459
 -701.831245    -6800.225782      940.216839
 -759.681986    -6847.533821      492.465324
 -814.221705    -6864.993804       42.560251
 -865.221909    -6852.607855     -407.531216
 -912.470340    -6810.505172     -855.851237
 -955.771683    -6738.940168    -1300.459238
 -994.948191    -6638.290164    -1739.439598
-1029.840225    -6509.052648    -2170.909045
-1060.306698    -6351.842177    -2593.023773
-1086.225447    -6167.386940    -3003.986274
-1107.493540    -5956.524987    -3402.051882
-1124.027518    -5720.200164    -3785.535013
-1135.763576    -5459.457780    -4152.815105
-1142.657663    -5175.440034    -4502.342249
-1144.685522    -4869.381200    -4832.642541
-1141.842662    -4542.602596    -5142.323116
-1134.144291    -4196.507366    -5430.076862
-1121.625188    -3832.575099    -5694.686844
-1104.339542    -3452.356296    -5935.030437
-1082.360733    -3057.466685    -6150.083207
-1055.781063    -2649.581368    -6338.922485
-1024.711406    -2230.428826    -6500.730661
 -989.280811    -1801.784821    -6634.798172
 -949.636063    -1365.466193    -6740.526212
 -905.941217     -923.324551    -6817.429207
 -858.377113     -477.239832    -6865.137040
 -807.140841      -29.113713    -6883.397028
 -752.445148      419.137116    -6872.075615
 -694.517772      865.587825    -6831.159789
 -633.600714     1308.312460    -6760.758209
 -569.949466     1745.391143    -6661.102020
 -503.832177     2174.917465    -6532.545299
 -435.528764     2595.006025    -6375.565061
 -365.329965     3003.800064    -6190.760843
 -293.536313     3399.479167    -5978.853852
 -220.457059     3780.267048    -5740.685690
 -146.409040     4144.439409    -5477.216628
  -71.715483     4490.331891    -5189.523398
    3.295268     4816.348094    -4878.796419
   78.291117     5120.967605    -4546.336400
  152.937665     5402.753927    -4193.550253
  226.899679     5660.362187    -3821.946371
  299.842575     5892.546646    -3433.129354
  371.433918     6098.168062    -3028.794148
  441.345025     6276.200841    -2610.719461
  509.252630     6425.739765    -2180.760386
  574.840562     6546.006125    -1740.840385
  637.801371     6636.353307    -1292.942767
  697.837955     6696.271914     -839.101606
  754.665234     6725.394230     -381.392006
  808.011831     6723.497807       78.080185
  857.621677     6690.508136      537.188968
  903.255492     6626.500572      993.798995
  944.692162     6531.701540     1445.776720
  981.730061     6406.488773     1891.001883
 1014.188311     6251.390427     2327.379083
 1041.907909     6067.083212     2752.849223
 1064.752717     5854.389618     3165.400870
 1082.610279     5614.274130     3563.081492
 1095.392478     5347.838356     3944.008313
 1103.036069     5056.315289     4306.378562
 1105.503087     4741.062943     4648.479218
 1102.781123     4403.557273     4968.696427
 1094.883398     4045.384147     5265.524425
 1081.848624     3668.230442     5537.573586
 1063.740681     3273.874628     5783.577452
 1040.648175     2864.177043     6002.398924
 1012.683859     2441.069862     6193.035749
  979.983936     2006.546694     6354.625253
  942.707232     1562.651868     6486.448232
  901.034252     1111.469490     6587.931967
  855.166118      655.112339     6658.652308
  805.323395      195.710746     6698.334776
  751.744829     -264.598375     6706.854780
  694.686020     -723.682326     6684.237073
  634.418015    -1179.423298     6630.654446
  571.225844    -1629.728834     6546.425566
  505.406986    -2072.541882     6432.012004
  437.269804    -2505.850382     6288.014667
  367.131943    -2927.696515     6115.169723
  295.318684    -3336.185670     5914.343946
  222.161299    -3729.495035     5686.529364
  147.995417    -4105.881650     5432.837271
   73.159422    -4463.689850     5154.491729
   -2.007126    -4801.358141     4852.822656
  -77.165081    -5117.425496     4529.258512
 -151.977284    -5410.537012     4185.318626
 -226.110107    -5679.448912     3822.605256
 -299.234928    -5923.032914     3442.795462
 -371.029543    -6140.280035     3047.632851
 -441.179510    -6330.303854     2638.919169
 -509.379454    -6492.343207     2218.505727
 -575.334319    -6625.764241     1788.284691
 -638.760544    -6730.061773     1350.180340
 -699.387153    -6804.860002      906.140411
 -756.956767    -6849.912677      458.127594
 -811.226549    -6865.102778        8.111123
 -861.969078    -6850.441669     -441.941528
 -908.973136    -6806.067699     -890.072798
 -952.044389    -6732.244295    -1334.342917
 -991.005988    -6629.357648    -1772.837524
-1025.699093    -6497.914030    -2203.675034
-1055.983317    -6338.536726    -2625.013780
-1081.737101    -6151.962571    -3035.058892
-1102.858012    -5939.038141    -3432.068846
-1119.262992    -5700.715662    -3814.361699
-1130.888553    -5438.048663    -4180.321027
-1137.690903    -5152.187356    -4528.401569
-1139.645994    -4844.373788    -4857.134549
-1136.749500    -4515.936784    -5165.132702
-1129.016741    -4168.286701    -5451.094982
-1116.482555    -3802.910002    -5713.810978
-1099.201118    -3421.363666    -5952.165005
-1077.245723    -3025.269483    -6165.139892
-1050.708499    -2616.308251    -6351.820519
-1019.700089    -2196.213830    -6511.397136
 -984.349262    -1766.767023    -6643.168414
 -944.802486    -1329.789296    -6746.544185
 -901.223461     -887.136413    -6821.047869
 -853.792633     -440.691984    -6866.318638
 -802.706660        7.639097    -6882.113380
 -748.177813      455.937396    -6868.308425
 -690.433296      902.275879    -6824.900986
 -629.714507     1344.727016    -6752.010249
 -566.276261     1781.370036    -6649.878117
 -500.385979     2210.298331    -6518.869578
 -432.322814     2629.626997    -6359.472677
 -362.376706     3037.500490    -6172.298055
 -290.847362     3432.100352    -5958.078055
 -218.043173     3811.652997    -5717.665403
 -144.280072     4174.437603    -5452.031448
  -69.880326     4518.794095    -5162.263896
    4.828739     4843.131197    -4849.563952
   79.516072     5145.934450    -4515.242816
  153.848305     5425.774096    -4160.717533
  227.491217     5681.312776    -3787.506252
  300.111255     5911.313053    -3397.222899
  371.377099     6114.644760    -2991.571224
  440.961252     6290.292091    -2572.338133
  508.541687     6437.360300    -2141.386288
  573.803518     6555.081853    -1700.646033
  636.440685     6642.821996    -1252.106724
  696.157595     6700.083707     -797.807528
  752.670730     6726.511998     -339.827684
  805.710216     6721.897496      119.723699
  855.021405     6686.179203      578.718280
  900.366394     6619.446416     1035.019456
  941.525466     6521.939732     1486.493641
  978.298401     6394.051102     1931.021746
 1010.505696     6236.322832     2366.510749
 1037.989669     6049.445545     2790.905164
 1060.615433     5834.255195     3202.198307
 1078.271702     5591.729208     3598.443310
 1090.871456     5322.981763     3977.763897
 1098.352496     5029.258147     4338.364813
 1100.677856     4711.928142     4678.541758
 1097.836032     4372.478550     4996.690651
 1089.840981     4012.505042     5291.316162
 1076.731951     3633.703436     5561.039535
 1058.573195     3237.860442     5804.605689
 1035.453568     2826.843902     6020.889541
 1007.485985     2402.592609     6208.901484
  974.806721     1967.105795     6367.792021
  937.574581     1522.432335     6496.855533
  895.969936     1070.659735     6595.533135
  850.193656      613.903035     6663.414558
  800.465927      154.293796     6700.239123
  747.025004     -306.030791     6705.895937
  690.125890     -764.938690     6680.423327
  630.038939    -1220.313676     6624.007441
  567.048381    -1670.065710     6536.980025
  501.450780    -2112.140931     6419.815467
  433.553460    -2544.531284     6273.127247
  363.672904    -2965.283843     6097.663785
  292.133150    -3372.509771     5894.303609
  219.264162    -3764.392784     5664.049891
  145.400212    -4139.197078     5408.024427
   70.878260    -4495.274700     5127.461175
   -3.963651    -4831.072399     4823.699330
  -78.787960    -5145.137868     4498.175989
 -153.259126    -5436.125362     4152.418485
 -227.045121    -5702.800683     3788.036457
 -299.818899    -5944.045567     3406.713711
 -371.259827    -6158.861466     3010.199881
 -441.055058    -6346.372716     2600.301939
 -508.900829    -6505.829080     2178.875601
 -574.503674    -6636.607699     1747.816689
 -637.581575    -6738.214451     1309.052472
 -697.865044    -6810.284707      864.533036
 -755.098139    -6852.583507      416.222713
 -809.039408    -6865.005168      -33.908365
 -859.462728    -6847.572329     -483.892566
 -906.158061    -6800.434491     -931.772822
 -948.932122    -6723.866127    -1375.610443
 -987.609002    -6618.264419    -1813.492715
-1022.030729    -6484.146594    -2243.540312
-1052.057757    -6322.146819    -2663.914506
-1077.569362    -6133.012650    -3072.824060
-1098.463941    -5917.601137    -3468.531761
-1114.659236    -5676.874684    -3849.360600
-1126.092501    -5411.896668    -4213.699682
-1132.720615    -5123.826795    -4560.009847
-1134.520138    -4813.916199    -4886.828954
-1131.487302    -4483.502356    -5192.776836
-1123.637937    -4134.003860    -5476.559951
-1111.007329    -3766.915056    -5736.975786
-1093.650027    -3383.800478    -5972.917009
-1071.639602    -2986.289107    -6183.375317
-1045.068378    -2576.068489    -6367.444977
-1014.047121    -2154.878704    -6524.326090
 -978.704678    -1724.506220    -6653.327568
 -939.187545    -1286.777623    -6753.869817
 -895.659392     -843.553266    -6825.487152
 -848.300562     -396.720827    -6867.830000
 -797.307523       51.811306    -6880.666893
 -742.892271      500.120863    -6863.886200
 -685.281653      946.278717    -6817.497491
 -624.716641     1388.356032    -6741.632546
 -561.451567     1824.431511    -6636.546018
 -495.753311     2252.598795    -6502.615770
 -427.900429     2670.974030    -6340.342831
 -358.182200     3077.703547    -6150.350884
 -286.897605     3470.971601    -5933.385322
 -214.354258     3849.008183    -5690.311886
 -140.867273     4210.096936    -5422.114860
  -66.758061     4552.583191    -5129.894735
    7.646971     4874.882025    -4814.865256
   82.017772     5175.486250    -4478.349853
  156.022051     5452.974292    -4121.777461
  229.326718     5706.017942    -3746.677729
  301.599395     5933.389937    -3354.675568
  372.509986     6133.971274    -2947.485005
  441.732304     6306.758171    -2526.902381
  508.945707     6450.868626    -2094.798902
  573.836744     6565.548513    -1653.112561
  636.100813     6650.177129    -1203.839437
  695.443820     6704.272119     -749.024424
  751.583814     6727.493722     -290.751431
  804.252584     6719.648273      168.866896
  853.197193     6680.690896      627.699908
  898.181457     6610.727280     1083.610025
  938.987354     6510.014506     1534.464041
  975.416359     6378.960950     1978.144556
 1007.290675     6218.125223     2412.561483
 1034.454344     6028.214109     2835.663551
 1056.774200     5810.079449     3245.449635
 1074.140643     5564.714061     3639.979759
 1086.468255     5293.246833     4017.385716
 1093.696291     4996.937035     4375.881341
 1095.789072     4677.167762     4713.772402
 1092.736239     4335.438450     5029.465917
 1084.552818     3973.356594     5321.478709
 1071.279073     3592.628847     5588.445138
 1052.980181     3195.051656     5829.124030
 1029.745790     2782.501461     6042.404859
 1001.689463     2356.924497     6227.313129
  968.948015     1920.326220     6383.014916
  931.680691     1474.760471     6508.820502
  890.068187     1022.318475     6604.187070
  844.311547      565.117813     6668.720479
  794.630976      105.291469     6702.176195
  741.264596     -355.023060     6704.459430
  684.467116     -813.694551     6675.624492
  624.508433    -1268.608675     6615.873292
  561.672142    -1717.678329     6525.553063
  496.254003    -2158.853619     6405.153380
  428.560372    -2590.131508     6255.302516
  358.906616    -3009.565101     6076.763160
  287.615525    -3415.272492     5870.427481
  215.015730    -3805.445116     5637.311643
  141.440103    -4178.355631     5378.549813
   67.224156    -4532.365290     5095.387671
   -7.295565    -4865.930748     4789.175416
  -81.783052    -5177.610237     4461.360375
 -155.904356    -5466.069090     4113.479302
 -229.329087    -5730.084674     3747.150426
 -301.731862    -5968.550713     3364.065283
 -372.793719    -6180.480992     2965.980371
 -442.203469    -6365.012464     2554.708686
 -509.658974    -6521.407790     2132.111163
 -574.868377    -6649.057286     1700.087998
 -637.551267    -6747.480206     1260.569934
 -697.439766    -6816.325379      815.509600
 -754.279527    -6855.371254      366.873013
 -807.830645    -6864.525483      -83.368763
 -857.868495    -6843.824041     -533.247857
 -904.184499    -6793.429832     -980.807707
 -946.586830    -6713.630773    -1424.110984
 -984.901029    -6604.837402    -1861.247257
-1018.970546    -6467.580064    -2290.340392
-1048.657190    -6302.505699    -2709.555655
-1073.841501    -6110.374287    -3117.106527
-1094.423070    -5892.054958    -3511.261185
-1110.320780    -5648.521836    -3890.348692
-1121.472995    -5380.849615    -4252.764876
-1127.837651    -5090.208867    -4596.977907
-1129.392291    -4777.861154    -4921.533527
-1126.134031    -4445.153966    -5225.059977
-1118.079491    -4093.515520    -5506.272669
-1105.264672    -3724.449348    -5763.978612
-1087.744789    -3339.528678    -5997.080549
-1065.594043    -2940.390637    -6204.580774
-1038.905339    -2528.730340    -6385.584634
-1007.789957    -2106.294857    -6539.303756
 -972.377168    -1674.877072    -6665.059018
 -932.813798    -1236.309402    -6762.283245
 -889.263757     -792.457415    -6830.523648
 -841.907542     -345.213313    -6869.444042
 -790.941695      103.510782    -6878.826798
 -736.578205      551.789724    -6858.574485
 -679.043849      997.692393    -6808.711149
 -618.579463     1439.288836    -6729.383247
 -555.439164     1874.657524    -6620.860290
 -489.889528     2301.892787    -6483.535135
 -422.208705     2719.112387    -6317.923851
 -352.685498     3124.465172    -6124.665173
 -281.618376     3516.138816    -5904.519565
 -209.314415     3892.367718    -5658.367905
 -136.088137     4251.441078    -5387.209623
  -62.260258     4591.711029    -5092.160171
   11.843635     4911.600644    -4774.447843
   85.894433     5209.611786    -4435.410081
  159.560920     5484.332900    -4076.489280
  232.511221     5734.446774    -3699.227991
  304.414312     5958.738153    -3305.263372
  374.941559     6156.101018    -2896.320935
  443.768294     6325.545505    -2474.207659
  510.575441     6466.204425    -2040.804488
  575.051179     6577.339366    -1598.058170
  636.892616     6658.346211    -1147.972429
  695.807440     6708.759961     -692.598548
  751.515547     6728.258848     -234.025478
  803.750640     6716.667708      225.630521
  852.261772     6673.960527      684.236662
  896.814813     6600.262066     1139.654768
  937.193825     6495.848526     1589.752591
  973.202357     6361.147284     2032.415231
 1004.664655     6196.735698     2465.556577
 1031.426755     6003.338977     2887.130736
 1053.357437     5781.827041     3295.143345
 1070.349023     5533.210383     3687.662637
 1082.318038     5258.634965     4062.830123
 1089.205703     4959.376252     4418.870797
 1090.978259     4636.832454     4754.102809
 1087.627119     4292.517017     5066.946576
 1079.168882     3928.050389     5355.933253
 1065.645217     3545.151099     5619.712468
 1047.122596     3145.626258     5857.059219
 1023.691867     2731.361610     6066.879910
  995.467680     2304.311263     6248.217514
  962.587792     1866.487147     6400.255930
  925.212232     1419.948247     6522.323495
  883.522323      966.789659     6613.895641
  837.719561      509.131565     6674.596634
  788.024412       49.108239     6704.200430
  734.675059     -411.142861     6702.630693
  677.926099     -869.491861     6669.960012
  618.047148    -1323.827050     6606.408330
  555.321357    -1772.065187     6512.340586
  490.043885    -2212.161464     6388.263642
  422.520352    -2642.119110     6234.822517
  353.065262    -3059.998593     6052.795991
  282.000415    -3463.926377     5843.091611
  209.653293    -3852.103197     5606.740146
  136.355473    -4222.811858     5344.889532
   62.441055    -4574.424501     5058.798334
  -11.754902    -4905.409318     4749.828762
  -85.897933    -5214.336662     4419.439303
 -159.655710    -5499.884564     4069.177051
 -232.699535    -5760.843652     3700.669736
 -304.705804    -5996.121466     3315.617503
 -375.357408    -6204.746115     2915.784484
 -444.345081    -6385.869271     2502.990237
 -511.368668    -6538.768535     2079.101140
 -576.138305    -6662.849218     1646.021782
 -638.375547    -6757.645559     1205.686387
 -697.814437    -6822.821430      760.050255
 -754.202529    -6858.170482      311.081249
 -807.301828    -6863.615717     -139.248660
 -856.889616    -6839.208498     -588.971720
 -902.759186    -6785.127001    -1036.132518
 -944.720516    -6701.674200    -1478.795853
 -982.600900    -6589.275407    -1915.054344
-1016.245509    -6448.475396    -2343.035769
-1045.517862    -6279.935171    -2760.910096
-1070.300191    -6084.428403    -3166.896245
-1090.493715    -5862.837563    -3559.268564
-1106.018858    -5616.149738    -3936.363027
-1116.815402    -5345.452132    -4296.583090
-1122.842581    -5051.927357    -4638.405179
-1124.079130    -4736.848562    -4960.383876
-1120.523276    -4401.574424    -5261.156853
-1112.192683    -4047.543911    -5539.449604
-1099.124331    -3676.270802    -5794.079892
-1081.374329    -3289.337992    -6023.961839
-1059.017679    -2888.391673    -6228.109690
-1032.147999    -2475.135417    -6405.641282
-1000.877208    -2051.324147    -6555.781278
 -965.335153    -1618.757949    -6677.864145
 -925.669182    -1179.275754    -6771.336862
 -882.043669     -734.748873    -6835.761357
 -834.639510     -287.074392    -6870.816669
 -783.653573      161.831608    -6876.300818
 -729.298100      610.040964    -6852.132362
 -671.800028     1055.620482    -6798.351618
 -611.400254     1496.639111    -6715.121557
 -548.352862     1931.175226    -6602.728368
 -482.924319     2357.324054    -6461.581668
 -415.392620     2773.205205    -6292.214381
 -346.046359     3176.970388    -6095.282252
 -275.183683     3566.811304    -5871.562916
 -203.111165     3940.967686    -5621.954407
 -130.142621     4297.735358    -5347.473059
  -56.597900     4635.474250    -5049.250829
   17.198357     4952.616333    -4728.532105
   90.918035     5247.673512    -4386.670002
  164.230944     5519.245476    -4025.122078
  236.806304     5766.027456    -3645.445400
  308.314293     5986.817797    -3249.290909
  378.427627     6180.525226    -2838.397065
  446.823160     6346.175710    -2414.582830
  513.183503     6482.918910    -1979.740075
  577.198662     6590.034224    -1535.825344
  638.567701     6666.936297    -1084.850922
  697.000402     6713.179781     -628.875219
  752.218872     6728.463211     -169.992706
  803.959095     6712.632124      289.676419
  851.972460     6665.681537      747.996919
  896.027253     6587.757646     1202.829679
  935.910050     6479.158438     1652.043248
  971.426984     6340.333136     2093.525428
 1002.404871     6171.880684     2525.194681
 1028.692262     5974.547396     2945.011432
 1050.160393     5749.223708     3350.989302
 1066.703974     5496.939887     3741.206104
 1078.241809     5218.860828     4113.814397
 1084.717285     4916.280073     4467.051601
 1086.098725     4590.613014     4799.249681
 1082.379599     4243.389215     5108.844276
 1073.578516     3876.243924     5394.383052
 1059.739039     3490.909031     5654.533200
 1040.929331     3089.203536     5888.088162
 1017.241700     2673.023578     6093.973537
  988.792027     2244.332100     6271.252083
  955.719090     1805.148338     6419.127874
  918.183747     1357.537136     6536.949711
  876.367967      903.598024     6624.213756
  830.473721      445.454125     6680.565232
  780.721788      -14.758897     6705.799131
  727.350523     -474.903707     6699.860087
  670.614545     -932.852030     6662.841509
  610.783315    -1386.495219     6594.983912
  548.139624    -1833.754545     6496.672419
  482.978085    -2272.591075     6368.433546
  415.603628    -2701.015189     6210.931383
  346.329955    -3117.095765     6024.963147
  275.477940    -3518.968922     5811.454071
  203.373988    -3904.846195     5571.451715
  130.348442    -4273.022169     5306.119842
   56.734028    -4621.881660     5016.731890
  -17.135701    -4949.906409     4704.663965
  -90.927941    -5255.681148     4371.387371
 -164.312194    -5537.898965     4018.460845
 -236.961729    -5795.366060     3647.522591
 -308.554963    -6027.005961     3260.282118
 -378.776778    -6231.863166     2858.511832
 -447.319846    -6409.106131     2444.038461
 -513.885929    -6558.029591     2018.734422
 -578.187121    -6678.056266     1584.509187
 -639.946994    -6768.737990     1143.300663
 -698.901642    -6829.756271      697.066631
 -754.800663    -6860.922322      247.776280
 -807.408090    -6862.176581     -202.598161
 -856.503267    -6833.587729     -652.089702
 -901.881634    -6775.351130    -1098.744749
 -943.355391    -6687.786693    -1540.631008
 -980.754050    -6571.336282    -1975.845043
-1013.924913    -6426.560779    -2402.519493
-1042.733486    -6254.136865    -2818.830037
-1067.063848    -6054.853466    -3223.002117
-1086.818946    -5829.607855    -3613.317396
-1101.920821    -5579.401459    -3988.119893
-1112.310769    -5305.335410    -4345.821826
-1117.949450    -5008.605852    -4684.909152
-1118.816948    -4690.499017    -5003.946817
-1114.912774    -4352.386082    -5301.583686
-1106.255800    -3995.717855    -5576.557192
-1092.884137    -3622.019271    -5827.697700
-1074.854938    -3232.883699    -6053.932585
-1052.244166    -2829.967086    -6254.289968
-1025.146322    -2414.981999    -6427.902146
 -993.674136    -1989.691580    -6574.008774
 -957.958206    -1555.903359    -6691.959833
 -918.146582    -1115.462892    -6781.218349
 -874.404286     -670.247217    -6841.362806
 -826.912802     -222.158191    -6872.089246
 -775.869503      226.884311    -6873.213068
 -721.487031      674.949340    -6844.670534
 -663.992617     1120.101947    -6786.519922
 -603.627377     1560.410351    -6698.942356
 -540.645569     1993.953208    -6582.242351
 -475.313789     2418.827061    -6436.848080
 -407.910060     2833.154014    -6263.311260
 -338.722844     3235.089585    -6062.306529
 -268.049981     3622.830630    -5834.630295
 -196.197614     3994.623277    -5581.199083
 -123.479053     4348.770900    -5303.047424
  -50.213569     4683.642145    -5001.325233
   23.274889     4997.678984    -4677.294610
   96.659060     5289.404721    -4332.326004
  169.609791     5557.431890    -3967.893728
  241.797519     5800.469950    -3585.570807
  312.893794     6017.332736    -3187.023204
  382.572829     6206.945639    -2774.003414
  450.513083     6368.352483    -2348.343401
  516.398891     6500.722001    -1911.946813
  579.922114     6603.353728    -1466.780516
  640.783799     6675.683257    -1014.865538
  698.695815     6717.286809     -558.267510
  753.382451     6727.885118      -99.086629
  804.581985     6707.346540      360.552835
  852.048208     6655.689325      818.513394
  895.551905     6573.083036     1272.655484
  934.882248     6459.849055     1720.848884
  969.848080     6316.460078     2160.984305
 1000.279054     6143.538528     2590.984987
 1026.026623     5941.853944     3008.818123
 1046.964915     5712.319442     3412.506036
 1062.991493     5455.987262     3800.137063
 1074.028001     5174.043397     4169.876051
 1080.020637     4867.801404     4519.974360
 1080.940447     4538.695456     4848.779370
 1076.783455     4188.272643     5154.743454
 1067.570654     3818.184484     5436.432294
 1053.347861     3430.177734     5692.532375
 1034.185392     3026.084658     5921.857547
 1010.177543     2607.812988     6123.354678
  981.441925     2177.335638     6296.108498
  948.118713     1736.680190     6439.345706
  910.369846     1287.918095     6552.438280
  868.378123      833.153646     6634.905875
  822.346173      374.512930     6686.417259
  772.495289      -85.867087     6706.790900
  719.064178     -545.849383     6695.994829
  662.307605    -1003.307658     6654.145693
  602.494953    -1456.136917     6581.506889
  539.908728    -1902.263653     6478.485887
  474.843052    -2339.655609     6345.630958
  407.602156    -2766.331266     6183.627321
  338.498835    -3180.369022     5993.292580
  267.852878    -3579.915828     5775.571440
  195.989483    -3963.195206     5531.529964
  123.237662    -4328.514838     5262.349500
   49.928636    -4674.273785     4969.320063
  -23.605728    -4998.969101     4653.833094
  -97.034409    -5301.201597     4317.373827
 -170.028672    -5579.680930     3961.513659
 -242.263522    -5833.230361     3587.902443
 -313.419191    -6060.791178     3198.260382
 -383.182575    -6261.426419     2794.369415
 -451.248556    -6434.323680     2378.064417
 -517.321217    -6578.797183     1951.224529
 -581.114997    -6694.289364     1515.764598
 -642.355835    -6780.371980     1073.626578
 -700.782247    -6836.746582      626.770875
 -756.146295    -6863.244326      177.167840
 -808.214456    -6859.825287     -273.210517
 -856.768421    -6826.577346     -722.398643
 -901.605847    -6763.714620    -1168.445425
 -942.541014    -6671.575392    -1609.421972
 -979.405416    -6550.619605    -2043.429133
-1012.048265    -6401.425995    -2468.604754
-1040.336926    -6224.688857    -2883.130715
-1064.157300    -6021.214407    -3285.239708
-1083.414121    -5791.916796    -3673.221683
-1098.031197    -5537.813826    -4045.429953
-1107.951574    -5260.022432    -4400.286998
-1113.137634    -4959.753906    -4736.289961
-1113.571129    -4638.308918    -5052.015816
-1109.253162    -4297.072360    -5346.126252
-1100.204125    -3937.508021    -5617.372279
-1086.463572    -3561.153045    -5864.598577
-1068.090037    -3169.612204    -6086.747524
-1045.160783    -2764.552019    -6282.862891
-1017.771517    -2347.694804    -6452.093249
 -986.036084    -1920.812581    -6593.695145
 -950.086125    -1485.720834    -6707.036042
 -910.070669    -1044.272105    -6791.596969
 -866.155657     -598.349434    -6846.974895
 -818.523406     -149.859657    -6872.884806
 -767.372024      299.273457    -6869.161472
 -712.914783      747.116192    -6835.760849
 -655.379467     1191.731936    -6772.761174
 -595.007663     1631.188330    -6680.363810
 -532.053991     2063.564625    -6558.893848
 -466.785252     2486.959297    -6408.800306
 -399.479500     2899.497819    -6230.655809
 -330.425074     3299.340461    -6025.155776
 -259.919584     3684.690115    -5793.117191
 -188.268858     4053.800223    -5535.476987
 -115.785795     4404.982852    -5253.289920
  -42.789136     4736.616818    -4947.725824
   30.397856     5047.155765    -4620.066236
  103.448763     5335.136128    -4271.700409
  176.035429     5599.184991    -3904.120721
  247.829429     5838.027759    -3518.917427
  318.503592     6050.495606    -3117.772759
  387.733574     6235.532595    -2702.454372
  455.199461     6392.202470    -2274.808145
  520.587390     6519.695022    -1836.750310
  583.591194     6617.331938    -1390.258915
  643.914048     6684.572022     -937.364647
  701.270110     6721.015686     -480.141111
  755.386119     6726.408668      -20.694641
  806.002946     6700.644977      438.846283
  852.877098     6643.769012      896.341979
  895.782166     6555.976785     1349.652835
  934.510186     6437.616122     1796.650778
  968.872879     6289.185879     2235.230777
  998.702780     6111.334194     2663.322299
 1023.854246     5904.855825     3078.900662
 1044.204331     5670.688502     3479.998228
 1059.653516     5409.908307     3864.715270
 1070.126305     5123.724159     4231.230417
 1075.571710     4813.471487     4577.810612
 1075.963586     4480.605060     4902.820570
 1071.300769     4126.691024     5204.731572
 1061.607002     3753.398249     5482.129479
 1046.930692     3362.489205     5733.721953
 1027.344540     2955.810396     5958.344960
 1002.945051     2535.282328     6154.968560
  973.851896     2102.888993     6322.701827
  940.207157     1660.667020     6460.796762
  902.174461     1210.694715     6568.651182
  859.938033      755.081155     6645.810723
  813.701650      295.955355     6691.970128
  763.687492     -164.544581     6706.973840
  710.134897     -624.282361     6690.815784
  653.299030    -1081.134298     6643.638206
  593.449459    -1532.999797     6565.729623
  530.868685    -1977.811426     6457.522059
  465.850607    -2413.544661     6319.587697
  398.698991    -2838.227322     6152.634872
  329.725925    -3249.948593     5957.503366
  259.250303    -3646.867521     5735.159121
  187.596284    -4027.221025     5486.688486
  115.091725    -4389.331493     5213.292011
   42.066572    -4731.613876     4916.277672
  -31.148741    -5052.582088     4597.053586
 -104.224817    -5350.854661     4257.120464
 -176.834737    -5625.159852     3898.063939
 -248.655473    -5874.340364     3521.546711
 -319.369313    -6097.357591     3129.300297
 -388.665285    -6293.295135     2723.116440
 -456.240506    -6461.361483     2304.838393
 -521.801403    -6600.892015     1876.352301
 -585.064827    -6711.350524     1439.578649
 -645.759113    -6792.330269      996.463675
 -703.625108    -6843.554421      548.970747
 -758.417165    -6864.875859       99.071820
 -809.904051    -6856.276371     -351.260891
 -857.869768    -6817.865396     -800.063001
 -902.114290    -6749.878360    -1245.385860
 -942.454232    -6652.674580    -1685.304287
 -978.723432    -6526.734726    -2117.924094
-1010.773457    -6372.657840    -2541.389366
-1038.474022    -6191.157975    -2953.889433
-1061.713330    -5983.060480    -3353.665550
-1080.398362    -5749.297987    -3739.017253
-1094.455103    -5490.906129    -4108.308412
-1103.828718    -5209.019008    -4459.972994
-1108.483648    -4904.864440    -4792.520548
-1108.403654    -4579.758945    -5104.541394
-1103.591789    -4235.102528    -5394.711511
-1094.070317    -3872.373258    -5661.797104
-1079.880574    -3493.121675    -5904.658862
-1061.082777    -3098.965049    -6122.255921
-1037.755802    -2691.581490    -6313.649537
-1009.996911    -2272.703940    -6478.006462
 -977.921439    -1844.114042    -6614.602070
 -941.662433    -1407.635892    -6722.823237
 -901.370227     -965.129618    -6802.170991
 -857.211972     -518.484759    -6852.262886
 -809.371105      -69.613470    -6872.835020
 -758.046769      379.556378    -6863.743691
 -703.453189      827.088162    -6824.966741
 -645.818999     1271.043565    -6756.604675
 -585.386512     1709.489845    -6658.881527
 -522.410924     2140.507346    -6532.145346
 -457.159461     2562.197156    -6376.868199
 -389.910477     2972.688812    -6193.645710
 -320.952505     3370.148047    -5983.196221
 -250.583238     3752.784666    -5746.359583
 -179.108441     4118.860586    -5484.095463
 -106.840780     4466.697980    -5197.481063
  -34.098576     4794.687406    -4887.708217
   38.795506     5101.295866    -4556.079886
  111.515827     5385.074768    -4204.006052
  183.735191     5644.667754    -3832.998985
  255.126316     5878.818353    -3444.667874
  325.363349     6086.377400    -3040.712798
  394.123454     6266.310158    -2622.918006
  461.088436     6417.703016    -2193.144497
  525.946376     6539.769675    -1753.321968
  588.393250     6631.856791    -1305.440174
  648.134560     6693.449056     -851.539742
  704.886954     6724.173633     -393.702397
  758.379837     6723.803811       65.959338
  808.356912     6692.261814      525.312861
  854.577668     6629.620733      982.216556
  896.818798     6536.105533     1434.531135
  934.875540     6412.093040     1880.131135
  968.562902     6258.110945     2316.916422
  997.716759     6074.835885     2742.823603
 1022.194851     5863.090613     3155.837365
 1041.877657     5623.840178     3554.001668
 1056.669123     5358.187063     3935.430614
 1066.497220     5067.365392     4298.318797
 1071.314337     4752.734327     4640.951087
 1071.097535     4415.770783     4961.711812
 1065.848640     4058.061450     5259.093345
 1055.594196     3681.294191     5531.704037
 1040.385258     3287.248824     5778.275439
 1020.297070     2877.787347     5997.668746
  995.428609     2454.843667     6188.880365
  965.901950     2020.412969     6351.046514
  931.861458     1576.540907     6483.446859
  893.472818     1125.312740     6585.507250
  850.922023      668.842487     6656.801661
  804.414312      209.262048     6697.053396
  754.173049     -251.289723     6706.135500
  700.438502     -710.677894     6684.070278
  643.466506    -1166.782132     6631.027936
  583.527061    -1617.507066     6547.324432
  520.902867    -2060.792340     6433.418635
  455.887833    -2494.622324     6289.908787
  388.785563    -2917.035402     6117.528330
  319.907813    -3326.132833     5917.141182
  249.572908    -3720.087221     5689.736500
  178.104130    -4097.150598     5436.422805
  105.828134    -4455.661890     5158.421466
   33.073447    -4794.053669     4857.059780
  -39.830976    -5110.858313     4533.763863
 -112.557245    -5404.713786     4190.051304
 -184.780074    -5674.368970     3827.523386
 -256.178315    -5918.688309     3447.856832
 -326.436376    -6136.655613     3052.795349
 -395.245515    -6327.377206     2644.141192
 -462.305095    -6490.084587     2223.746709
 -527.323822    -6624.136573     1793.505744
 -590.020934    -6729.020795     1355.344927
 -650.127281    -6804.354524      911.215002
 -707.386328    -6849.884944      463.082286
 -761.555105    -6865.488898       12.920226
 -812.405119    -6851.172093     -437.298934
 -859.723178    -6807.067743     -885.612280
 -903.312100    -6733.434767    -1330.074116
 -942.991319    -6630.655593    -1768.763625
 -978.597416    -6499.233561    -2199.792341
-1009.984604    -6339.789891    -2621.311376
-1037.025165    -6153.060265    -3031.518330
-1059.609831    -5939.891114    -3428.663910
-1077.648091    -5701.235606    -3811.058299
-1091.068422    -5438.149294    -4177.077264
-1099.818434    -5151.785435    -4525.167903
-1103.864948    -4843.390082    -4853.854010
-1103.194022    -4514.297052    -5161.741108
-1097.810943    -4165.922738    -5447.521255
-1087.740149    -3799.760712    -5709.977615
-1073.025097    -3417.376090    -5947.988722
-1053.728062    -3020.399717    -6160.532413
-1029.929888    -2610.522243    -6346.689432
-1001.729700    -2189.488094    -6505.646764
 -969.244592    -1759.089335    -6636.700749
 -932.609274    -1321.159351    -6739.259962
 -891.975661     -877.566340    -6812.847817
 -847.512400     -430.206616    -6857.104840
 -799.404325       19.002201    -6871.790581
 -747.851873      468.128062    -6856.785224
 -693.070453      915.231487    -6812.090967
 -635.289773     1358.372746    -6737.833142
 -574.753090     1795.619274    -6634.260966
 -511.716407     2225.053232    -6501.747830
 -446.447607     2644.779110    -6340.791157
 -379.225560     3052.931384    -6152.011894
 -310.339167     3447.682315    -5936.153676
 -240.086330     3827.249931    -5694.081548
 -168.772835     4189.906161    -5426.780110
  -96.711170     4533.984976    -5135.351062
  -24.219271     4857.890477    -4821.010145
   48.380770     5160.104921    -4485.083531
  120.764073     5439.196678    -4129.003624
  192.604398     5693.828082    -3754.304202
  263.575629     5922.763102    -3362.614876
  333.353311     6124.874695    -2955.654836
  401.616223     6299.151799    -2535.225955
  468.047992     6444.705910    -2103.205276
  532.338716     6560.777221    -1661.536850
  594.186588     6646.740209    -1212.222922
  653.299511     6702.108543     -757.314523
  709.396715     6726.539276     -298.901573
  762.210379     6719.836301      160.897447
  811.487206     6681.953017      619.946282
  856.989907     6612.994080     1076.102075
  898.498564     6513.216144     1527.226766
  935.811910     6383.027623     1971.198547
  968.748536     6222.987563     2405.923318
  997.148020     6033.803597     2829.346143
 1020.871915     5816.328893     3239.462659
 1039.804583     5571.558025     3634.330254
 1053.853847     5300.621826     4012.078797
 1062.951490     5004.781383     4370.920801
 1067.053614     4685.421331     4709.161002
 1066.140884     4344.042507     5025.205436
 1060.218656     3982.253876     5317.569985
 1049.316961     3601.763696     5584.888251
 1033.490282     3204.370019     5825.918555
 1012.817147     2791.950766     6039.550011
  987.399558     2366.453509     6224.807767
  957.362308     1929.884960     6380.857471
  922.852179     1484.300174     6507.008869
  884.037043     1031.791604     6602.718465
  841.104866      574.478148     6667.591282
  794.262646      114.494226     6701.381816
  743.735258     -346.021104     6703.994188
  689.764188     -804.934922     6675.481449
  632.606198    -1260.131011     6616.044073
  572.531935    -1709.520129     6526.027719
  509.824515    -2151.049984     6405.920297
  444.778039    -2582.714894     6256.348354
  377.696052    -3002.565066     6078.072798
  308.889966    -3408.715446     5871.983973
  238.677501    -3799.354067     5639.096136
  167.381141    -4172.749832     5380.541431
   95.326598    -4527.259736     5097.563482
   22.841265    -4861.335621     4791.510656
  -49.747338    -5173.530505     4463.828893
 -122.113084    -5462.504343     4116.054041
 -193.932693    -5727.029055     3749.803790
 -264.887126    -5965.992801     3366.769447
 -334.662960    -6178.403663     2968.707673
 -402.953745    -6363.392837     2557.432111
 -469.461306    -6520.217274     2134.804803
 -533.896962    -6648.261632     1702.727496
 -595.982642    -6747.039561     1263.132982
 -655.451950    -6816.194451      817.976535
 -712.051171    -6855.499679      369.227405
 -765.540221    -6864.858297      -81.139655
 -815.693515    -6844.302125     -531.152720
 -862.300743    -6793.990315     -978.850801
 -905.167575    -6714.207458    -1422.291706
 -944.116306    -6605.361298    -1859.559694
 -978.986426    -6467.980003    -2288.772894
-1009.635117    -6302.709059    -2708.090458
-1035.937668    -6110.307809    -3115.719423
-1057.787826    -5891.645677    -3509.921325
-1075.098072    -5647.698041    -3889.018524
-1087.799820    -5379.541782    -4251.400200
-1095.843550    -5088.350586    -4595.527993
-1099.198867    -4775.390069    -4919.941304
-1097.854531    -4442.012734    -5223.262354
-1091.818439    -4089.652716    -5504.200979
-1081.117552    -3719.820305    -5761.559149
-1065.797764    -3334.096272    -5994.235169
-1045.923699    -2934.126033    -6201.227568
-1021.578468    -2521.613672    -6381.638672
 -992.863380    -2098.315863    -6534.677897
 -959.897624    -1666.035655    -6659.664806
 -922.817906    -1226.616110    -6756.031916
 -881.778022     -781.933735    -6823.327235
 -836.948369     -333.891769    -6861.216451
 -788.515406      115.586632    -6869.484806
 -736.681076      564.565305    -6848.038713
 -681.662185     1011.102184    -6796.907127
 -623.689711     1453.256621    -6716.242557
 -563.008041     1889.096864    -6606.321632
 -499.874167     2316.707566    -6467.545239
 -434.556838     2734.197357    -6300.438343
 -367.335661     3139.706566    -6105.649506
 -298.500108     3531.415181    -5883.949960
 -228.348438     3907.550922    -5636.232105
 -157.186561     4266.397322    -5363.507422
  -85.326860     4606.301771    -5066.903892
  -13.086967     4925.683583    -4747.662886
   59.211529     5223.042072    -4407.135478
  131.244460     5496.964559    -4046.778072
  202.686536     5746.134202    -3668.147351
  273.212847     5969.337577    -3272.894555
  342.500397     6165.471956    -2862.759093
  410.229685     6333.552225    -2439.561533
  476.086300     6472.717429    -2005.195962
  539.762561     6582.236883    -1561.621652
  600.959169     6661.515672    -1110.854005
  659.386826     6710.099368     -654.954881
  714.767827     6727.677912     -196.022507
  766.837614     6714.088745      263.818927
  815.346299     6669.319227      722.430021
  860.060136     6593.508233     1177.667297
  900.762912     6486.946788     1627.394635
  937.257245     6350.077680     2069.494815
  969.365766     6183.494069     2501.881088
  996.932191     5987.937090     2922.508648
 1019.822253     5764.292454     3329.385912
 1037.924485     5513.586110     3720.585471
 1051.150878     5236.979023     4094.254679
 1059.437404     4935.761085     4448.625776
 1062.744376     4611.344188     4782.025459
 1061.056632     4265.254573     5092.883803
 1054.383562     3899.124563     5379.742535
 1042.758994     3514.683686     5641.262665
 1026.240940     3113.749188     5876.231373
 1004.911214     2698.216000     6083.568022
  978.874902     2270.046333     6262.329239
  948.259709     1831.259009     6411.713085
  913.215161     1383.918646     6531.062329
  873.911686      930.124768     6619.866872
  830.539586      472.000881     6677.765352
  783.307931       11.683563     6704.545916
  732.443372     -448.688397     6700.146168
  678.188886     -906.984701     6664.652286
  620.802433    -1361.093997     6598.297381
  560.555559    -1808.934086     6501.459150
  497.731940    -2248.461853     6374.656818
  432.625910    -2677.682862     6218.547367
  365.540961    -3094.660541     6033.921090
  296.788221    -3497.524905     5821.696556
  226.684904    -3884.480788     5582.915033
  155.552740    -4253.815587     5318.734400
   83.716411    -4603.906441     5030.422576
   11.502017    -4933.226857     4719.350555
  -60.764436    -5240.352771     4386.985082
 -132.758509    -5523.968050     4034.881014
 -204.158796    -5782.869416     3664.673386
 -274.648349    -6015.970753     3278.069210
 -343.916065    -6222.306755     2876.839069
 -411.657988    -6401.035928     2462.808594
 -477.578541    -6551.442973     2037.849894
 -541.391712    -6672.940614     1603.872964
 -602.822194    -6765.070864     1162.817075
 -661.606485    -6827.505713      716.642153
 -717.493892    -6860.047208      267.320219
 -770.247451    -6862.626952     -183.173029
 -819.644757    -6835.305119     -632.866453
 -865.478732    -6778.268976    -1079.801554
 -907.558331    -6691.830931    -1522.040355
 -945.709174    -6576.426101    -1957.673034
 -979.774094    -6432.609481    -2384.825288


