 0.165399     0.555791     0.814702
 0.162638     0.501581     0.849685
 0.159199     0.445269     0.881131
 0.155095     0.387079     0.908909
 0.150343     0.327244     0.932903
 0.144960     0.266002     0.953011
 0.138966     0.203598     0.969142
 0.132386     0.140283     0.981221
 0.125243     0.076313     0.989187
 0.117566     0.011945     0.992993
 0.109383    -0.052556     0.992609
 0.100726    -0.116927     0.988019
 0.091630    -0.180899     0.979224
 0.082129    -0.244206     0.966239
 0.072261    -0.306579     0.949098
 0.062067    -0.367751     0.927851
 0.051586    -0.427456     0.902563
 0.040863    -0.485431     0.873319
 0.029941    -0.541419     0.840220
 0.018866    -0.595163     0.803383
 0.007685    -0.646418     0.762945
-0.003554    -0.694942     0.719057
-0.014801    -0.740503     0.671890
-0.026008    -0.782879     0.621630
-0.037123    -0.821859     0.568479
-0.048097    -0.857245     0.512658
-0.058879    -0.888850     0.454399
-0.069418    -0.916506     0.393952
-0.079665    -0.940058     0.331578
-0.089571    -0.959371     0.267553
-0.099086    -0.974326     0.202164
-0.108165    -0.984827     0.135708
-0.116762    -0.990795     0.068491
-0.124834    -0.992177     0.000826
-0.132339    -0.988940    -0.066967
-0.139238    -0.981073    -0.134564
-0.145496    -0.968593    -0.201640
-0.151079    -0.951536    -0.267869
-0.155957    -0.929967    -0.332925
-0.160105    -0.903972    -0.396487
-0.163498    -0.873661    -0.458240
-0.166119    -0.839172    -0.517876
-0.167952    -0.800660    -0.575096
-0.168987    -0.758307    -0.629614
-0.169217    -0.712314    -0.681156
-0.168640    -0.662904    -0.729464
-0.167259    -0.610318    -0.774298
-0.165079    -0.554813    -0.815433
-0.162113    -0.496665    -0.852668
-0.158375    -0.436161    -0.885822
-0.153884    -0.373602    -0.914735
-0.148664    -0.309300    -0.939272
-0.142742    -0.243572    -0.959321
-0.136148    -0.176745    -0.974795
-0.128917    -0.109149    -0.985630
-0.121086    -0.041113    -0.991790
-0.112695     0.027028    -0.993262
-0.103787     0.094947    -0.990057
-0.094407     0.162317    -0.982212
-0.084602     0.228818    -0.969786
-0.074422     0.294138    -0.952861
-0.063915     0.357972    -0.931542
-0.053134     0.420028    -0.905954
-0.042131     0.480026    -0.876242
-0.030958     0.537699    -0.842569
-0.019669     0.592792    -0.805115
-0.008315     0.645069    -0.764079
 0.003050     0.694310    -0.719670
 0.014376     0.740309    -0.672112
 0.025611     0.782882    -0.621643
 0.036705     0.821859    -0.568507
 0.047610     0.857091    -0.512960
 0.058279     0.888447    -0.455264
 0.068668     0.915815    -0.395686
 0.078731     0.939101    -0.334500
 0.088428     0.958231    -0.271981
 0.097720     0.973148    -0.208409
 0.106568     0.983814    -0.144062
 0.114939     0.990209    -0.079219
 0.122799     0.992331    -0.014157
 0.130118     0.990194     0.050847
 0.136869     0.983830     0.115522
 0.143027     0.973287     0.179601
 0.148567     0.958628     0.242818
 0.153472     0.939931     0.304919
 0.157722     0.917291     0.365651
 0.161304     0.890814     0.424772
 0.164205     0.860622     0.482045
 0.166414     0.826848     0.537242
 0.167926     0.789638     0.590147
 0.168736     0.749151     0.640548
 0.168841     0.705555     0.688247
 0.168242     0.659032     0.733057
 0.166942     0.609770     0.774797
 0.164948     0.557970     0.813303
 0.162266     0.503840     0.848419
 0.158908     0.447598     0.880003
 0.154887     0.389467     0.907924
 0.150218     0.329681     0.932065
 0.144919     0.268477     0.952323
 0.139010     0.206102     0.968606
 0.132513     0.142805     0.980840
 0.125454     0.078841     0.988962
 0.117858     0.014469     0.992925
 0.109757    -0.050047     0.992698
 0.101180    -0.114443     0.988264
 0.092161    -0.178452     0.979623
 0.082736    -0.241805     0.966791
 0.072941    -0.304235     0.949800
 0.062817    -0.365474     0.928700
 0.052403    -0.425255     0.903555
 0.041744    -0.483317     0.874450
 0.030881    -0.539399     0.841484
 0.019862    -0.593248     0.804775
 0.008733    -0.644615     0.764458
-0.002459    -0.693259     0.720685
-0.013664    -0.738947     0.673625
-0.024833    -0.781457     0.623465
-0.035916    -0.820577     0.570406
-0.046863    -0.856108     0.514667
-0.057623    -0.887865     0.456482
-0.068146    -0.915675     0.396100
-0.078382    -0.939386     0.333781
-0.088283    -0.958861     0.269801
-0.097799    -0.973980     0.204447
-0.106885    -0.984646     0.138015
-0.115495    -0.990781     0.070812
-0.123585    -0.992329     0.003151
-0.131114    -0.989257    -0.064649
-0.138044    -0.981555    -0.132264
-0.144337    -0.969236    -0.199369
-0.149961    -0.952339    -0.265636
-0.154886    -0.930925    -0.330741
-0.159085    -0.905080    -0.394362
-0.162535    -0.874916    -0.456184
-0.165217    -0.840566    -0.515899
-0.167115    -0.802188    -0.573207
-0.168220    -0.759962    -0.627821
-0.168523    -0.714089    -0.679468
-0.168024    -0.664789    -0.727890
-0.166722    -0.612305    -0.772843
-0.164625    -0.556893    -0.814106
-0.161744    -0.498828    -0.851475
-0.158092    -0.438397    -0.884768
-0.153689    -0.375901    -0.913826
-0.148558    -0.311651    -0.938512
-0.142725    -0.245964    -0.958713
-0.136220    -0.179168    -0.974342
-0.129078    -0.111589    -0.985336
-0.121335    -0.043561    -0.991655
-0.113031     0.024585    -0.993287
-0.104208     0.092519    -0.990243
-0.094911     0.159916    -0.982557
-0.085187     0.226456    -0.970289
-0.075084     0.291824    -0.953520
-0.064652     0.355719    -0.932354
-0.053943     0.417846    -0.906915
-0.043007     0.477924    -0.877348
-0.031898     0.535687    -0.843814
-0.020667     0.590880    -0.806495
-0.009368     0.643266    -0.765586
 0.001948     0.692623    -0.721297
 0.013229     0.738747    -0.673853
 0.024425     0.781450    -0.623489
 0.035486     0.820565    -0.570450
 0.046363     0.855941    -0.514991
 0.057009     0.887445    -0.457374
 0.067381     0.914966    -0.397865
 0.077433     0.938409    -0.336739
 0.087124     0.957698    -0.274270
 0.096416     0.972776    -0.210737
 0.105270     0.983606    -0.146418
 0.113652     0.990164    -0.081594
 0.121529     0.992450    -0.016540
 0.128870     0.990476     0.048466
 0.135649     0.984274     0.113154
 0.141838     0.973890     0.177256
 0.147417     0.959388     0.240507
 0.152364     0.940844     0.302650
 0.156661     0.918353     0.363435
 0.160294     0.892020     0.422618
 0.163250     0.861966     0.479962
 0.165519     0.828325     0.535240
 0.167094     0.791241     0.588232
 0.167970     0.750873     0.638730
 0.168145     0.707389     0.686533
 0.167618     0.660969     0.731453
 0.166394     0.611803     0.773311
 0.164476     0.560089     0.811940
 0.161874     0.506037     0.847186
 0.158597     0.449862     0.878903
 0.154657     0.391790     0.906963
 0.150071     0.332053     0.931246
 0.144856     0.270888     0.951649
 0.139030     0.208541     0.968081
 0.132617     0.145262     0.980465
 0.125641     0.081306     0.988738
 0.118129     0.016932     0.992854
 0.110108    -0.047598     0.992779
 0.101612    -0.112018     0.988497
 0.092671    -0.176060     0.980008
 0.083322    -0.239458     0.967325
 0.073601    -0.301941     0.950481
 0.063548    -0.363244     0.929524
 0.053202    -0.423099     0.904520
 0.042607    -0.481243     0.875551
 0.031806    -0.537417     0.842717
 0.020843    -0.591366     0.806134
 0.009767    -0.642841     0.765937
-0.001376    -0.691601     0.722278
-0.012537    -0.737413     0.675326
-0.023667    -0.780053     0.625265
-0.034717    -0.819310     0.572299
-0.045635    -0.854983     0.516644
-0.056371    -0.886887     0.458534
-0.066877    -0.914850     0.398217
-0.077101    -0.938717     0.335955
-0.086995    -0.958351     0.272022
-0.096511    -0.973632     0.206704
-0.105602    -0.984461     0.140299
-0.114223    -0.990761     0.073112
-0.122330    -0.992475     0.005457
-0.129882    -0.989567    -0.062348
-0.136840    -0.982029    -0.129979
-0.143167    -0.969872    -0.197109
-0.148831    -0.953133    -0.263413
-0.153801    -0.931875    -0.328565
-0.158050    -0.906181    -0.392244
-0.161555    -0.876164    -0.454134
-0.164296    -0.841955    -0.513925
-0.166259    -0.803711    -0.571320
-0.167431    -0.761612    -0.626030
-0.167807    -0.715858    -0.677782
-0.167382    -0.666671    -0.726315
-0.166159    -0.614289    -0.771389
-0.164143    -0.558970    -0.812779
-0.161345    -0.500989    -0.850281
-0.157778    -0.440632    -0.883714
-0.153461    -0.378199    -0.912916
-0.148417    -0.314000    -0.937751
-0.142672    -0.248355    -0.958105
-0.136256    -0.181587    -0.973889
-0.129202    -0.114027    -0.985040
-0.121546    -0.046005    -0.991519
-0.113328     0.022146    -0.993311
-0.104590     0.090097    -0.990426
-0.095376     0.157522    -0.982899
-0.085732     0.224101    -0.970788
-0.075707     0.289520    -0.954173
-0.065351     0.353475    -0.933159
-0.054713     0.415673    -0.907867
-0.043846     0.475833    -0.878442
-0.032801     0.533686    -0.845046
-0.021630     0.588979    -0.807859
-0.010387     0.641473    -0.767075
 0.000878     0.690947    -0.722905
 0.012113     0.737194    -0.675572
 0.023267     0.780029    -0.625311
 0.034292     0.819280    -0.572367
 0.045138     0.854798    -0.516993
 0.055759     0.886450    -0.459453
 0.066111     0.914123    -0.400012
 0.076148     0.937720    -0.338943
 0.085831     0.957167    -0.276522
 0.095120     0.972405    -0.213027
 0.103977     0.983395    -0.148737
 0.112367     0.990116    -0.083930
 0.120257     0.992563    -0.018884
 0.127618     0.990750     0.046125
 0.134421     0.984707     0.110826
 0.140640     0.974481     0.174949
 0.146254     0.960133     0.238233
 0.151240     0.941741     0.300418
 0.155582     0.919396     0.361254
 0.159264     0.893206     0.420497
 0.162274     0.863289     0.477911
 0.164601     0.829779     0.533266
 0.166237     0.792821     0.586345
 0.167178     0.752572     0.636936
 0.167421     0.709199     0.684841
 0.166966     0.662883     0.729869
 0.165815     0.613813     0.771841
 0.163975     0.562187     0.810591
 0.161451     0.508213     0.845963
 0.158254     0.452108     0.877812
 0.154397     0.394096     0.906008
 0.149893     0.334409     0.930431
 0.144761     0.273285     0.950978
 0.139020     0.210969     0.967556
 0.132691     0.147711     0.980089
 0.125799     0.083765     0.988513
 0.118370     0.019391     0.992780
 0.110432    -0.045149     0.992858
 0.102017    -0.109589     0.988728
 0.093156    -0.173663     0.980389
 0.083884    -0.237101     0.967857
 0.074239    -0.299637     0.951161
 0.064258    -0.361000     0.930349
 0.053982    -0.420927     0.905487
 0.043453    -0.479151     0.876656
 0.032715    -0.535415     0.843955
 0.021812    -0.589463     0.807501
 0.010790    -0.641045     0.767427
-0.000302    -0.689921     0.723885
-0.011417    -0.735856     0.677042
-0.022506    -0.778626     0.627084
-0.033519    -0.818020     0.574212
-0.044407    -0.853836     0.518644
-0.055118    -0.885889     0.460612
-0.065603    -0.914005     0.400364
-0.075814    -0.938030     0.338161
-0.085699    -0.957824     0.274277
-0.095213    -0.973270     0.208999
-0.104307    -0.984266     0.142623
-0.112938    -0.990733     0.075454
-0.121060    -0.992614     0.007805
-0.128633    -0.989875    -0.060003
-0.135618    -0.982504    -0.127648
-0.141979    -0.970512    -0.194804
-0.147681    -0.953936    -0.261144
-0.152694    -0.932837    -0.326343
-0.156992    -0.907299    -0.390079
-0.160550    -0.877432    -0.452036
-0.163350    -0.843368    -0.511906
-0.165376    -0.805263    -0.569388
-0.166616    -0.763295    -0.624195
-0.167062    -0.717665    -0.676052
-0.166712    -0.668593    -0.724700
-0.165567    -0.616318    -0.769896
-0.163631    -0.561097    -0.811415
-0.160916    -0.503203    -0.849054
-0.157434    -0.442923    -0.882629
-0.153205    -0.380556    -0.911979
-0.148249    -0.316412    -0.936966
-0.142593    -0.250811    -0.957476
-0.136266    -0.184076    -0.973421
-0.129301    -0.116536    -0.984734
-0.121734    -0.048523    -0.991376
-0.113604     0.019631    -0.993332
-0.104952     0.087596    -0.990612
-0.095823     0.155048    -0.983249
-0.086262     0.221664    -0.971300
-0.076317     0.287132    -0.954846
-0.066038     0.351147    -0.933988
-0.055475     0.413417    -0.908851
-0.044678     0.473658    -0.879575
-0.033699     0.531602    -0.846323
-0.022592     0.586996    -0.809275
-0.011406     0.639600    -0.768623
-0.000195     0.689192    -0.724579
 0.010992     0.735566    -0.677364
 0.022103     0.778534    -0.627213
 0.033089     0.817927    -0.574370
 0.043903     0.853592    -0.519089
 0.054498     0.885396    -0.461632
 0.064828     0.913225    -0.402265
 0.074851     0.936984    -0.341260
 0.084524     0.956595    -0.278893
 0.093810     0.972000    -0.215441
 0.102669     0.983159    -0.151184
 0.111067     0.990050    -0.086399
 0.118972     0.992668    -0.021365
 0.126352     0.991025     0.043644
 0.133180     0.985151     0.108355
 0.139429     0.975091     0.172499
 0.145078     0.960908     0.235814
 0.150105     0.942677     0.298042
 0.154492     0.920490     0.358930
 0.158223     0.894452     0.418235
 0.161286     0.864683     0.475721
 0.163671     0.831314     0.531158
 0.165369     0.794491     0.584326
 0.166375     0.754369     0.635017
 0.166686     0.711117     0.683028
 0.166302     0.664913     0.728171
 0.165226     0.615946     0.770266
 0.163462     0.564415     0.809145
 0.161016     0.510526     0.844652
 0.157900     0.454496     0.876642
 0.154124     0.396549     0.904983
 0.149704     0.336917     0.929557
 0.144656     0.275837     0.950257
 0.138999     0.213554     0.966992
 0.132755     0.150318     0.979684
 0.125947     0.086383     0.988269
 0.118601     0.022008     0.992698
 0.110746    -0.042543     0.992938
 0.102412    -0.107006     0.988970
 0.093630    -0.171114     0.980792
 0.084437    -0.234597     0.968419
 0.074867    -0.297188     0.951879
 0.064959    -0.358618     0.931221
 0.054753    -0.418621     0.906509
 0.044290    -0.476933     0.877823
 0.033615    -0.533293     0.845262
 0.022771    -0.587446     0.808943
 0.011805    -0.639143     0.768997
 0.000763    -0.688142     0.725576
-0.010306    -0.734207     0.678847
-0.021354    -0.777116     0.628995
-0.032331    -0.816655     0.576220
-0.043188    -0.852622     0.520740
-0.053874    -0.884831     0.462787
-0.064340    -0.913109     0.402608
-0.074536    -0.937298     0.340464
-0.084414    -0.957262     0.276630
-0.093925    -0.972878     0.211390
-0.103023    -0.984047     0.145041
-0.111663    -0.990689     0.077889
-0.119801    -0.992745     0.010246
-0.127395    -0.990180    -0.057568
-0.134407    -0.982981    -0.125230
-0.140799    -0.971160    -0.192413
-0.146539    -0.954753    -0.258792
-0.151596    -0.933818    -0.324041
-0.155942    -0.908440    -0.387838
-0.159555    -0.878728    -0.449866
-0.162413    -0.844813    -0.509817
-0.164502    -0.806850    -0.567390
-0.165809    -0.765018    -0.622298
-0.166327    -0.719516    -0.674264
-0.166052    -0.670563    -0.723030
-0.164986    -0.618398    -0.768351
-0.163132    -0.563278    -0.810004
-0.160500    -0.505474    -0.847783
-0.157105    -0.445274    -0.881504
-0.152963    -0.382977    -0.911005
-0.148097    -0.318892    -0.936149
-0.142530    -0.253337    -0.956820
-0.136294    -0.186637    -0.972929
-0.129419    -0.119121    -0.984409
-0.121941    -0.051120    -0.991220
-0.113900     0.017035    -0.993346
-0.105336     0.085013    -0.990796
-0.096292     0.152489    -0.983603
-0.086815     0.219142    -0.971823
-0.076951     0.284658    -0.955536
-0.066749     0.348733    -0.934842
-0.056260     0.411073    -0.909865
-0.045533     0.471395    -0.880746
-0.034622     0.529432    -0.847646
-0.023576     0.584928    -0.810742
-0.012448     0.637644    -0.770230
-0.001289     0.687357    -0.726318
 0.009851     0.733861    -0.679228
 0.020920     0.776967    -0.629193
 0.031870     0.816505    -0.576459
 0.042653     0.852321    -0.521277
 0.053222     0.884283    -0.463908
 0.063533     0.912275    -0.404620
 0.073542     0.936201    -0.343684
 0.083208     0.955984    -0.281374
 0.092491     0.971563    -0.217969
 0.101354     0.982898    -0.153747
 0.109762     0.989967    -0.088987
 0.117681     0.992762    -0.023965
 0.125082     0.991297     0.041042
 0.131935     0.985600     0.105763
 0.138216     0.975715     0.169929
 0.143901     0.961704     0.233276
 0.148969     0.943642     0.295547
 0.153403     0.921619     0.356490
 0.157185     0.895741     0.415861
 0.160304     0.866126     0.473421
 0.162747     0.832906     0.528943
 0.164509     0.796224     0.582207
 0.165581     0.756236     0.633001
 0.165963     0.713109     0.681125
 0.165652     0.667022     0.726389
 0.164652     0.618163     0.768612
 0.162966     0.566730     0.807626
 0.160601     0.512930     0.843274
 0.157566     0.456978     0.875411
 0.153874     0.399098     0.903904
 0.149539     0.339522     0.928635
 0.144575     0.278488     0.949496
 0.139004     0.216239     0.966395
 0.132845     0.153025     0.979253
 0.126122     0.089101     0.988005
 0.118861     0.024725     0.992603
 0.111089    -0.039838     0.993012
 0.102837    -0.104326     0.989212
 0.094136    -0.168469     0.981202
 0.085020    -0.232000     0.968993
 0.075526    -0.294649     0.952616
 0.065691    -0.356149     0.932117
 0.055555    -0.416232     0.907560
 0.045159    -0.474634     0.879024
 0.034546    -0.531094     0.846608
 0.023761    -0.585358     0.810427
 0.012850    -0.637174     0.770613
 0.001858    -0.686300     0.727317
-0.009166    -0.732501     0.680704
-0.020174    -0.775553     0.630960
-0.031116    -0.815241     0.578285
-0.041943    -0.851365     0.522895
-0.052604    -0.883735     0.465022
-0.063052    -0.912179     0.404913
-0.073235    -0.936539     0.342829
-0.083106    -0.956676     0.279043
-0.092617    -0.972468     0.213841
-0.101721    -0.983814     0.147519
-0.110372    -0.990634     0.080383
-0.118527    -0.992869     0.012744
-0.126145    -0.990482    -0.055077
-0.133187    -0.983459    -0.122757
-0.139615    -0.971812    -0.189971
-0.145397    -0.955575    -0.256391
-0.150500    -0.934807    -0.321692
-0.154899    -0.909591    -0.385552
-0.158569    -0.880035    -0.447654
-0.161489    -0.846270    -0.507689
-0.163645    -0.808451    -0.565356
-0.165023    -0.766755    -0.620366
-0.165615    -0.721380    -0.672445
-0.165418    -0.672547    -0.721331
-0.164432    -0.620492    -0.766780
-0.162662    -0.565471    -0.808569
-0.160117    -0.507758    -0.846490
-0.156810    -0.447637    -0.880359
-0.152757    -0.385408    -0.910014
-0.147981    -0.321380    -0.935316
-0.142506    -0.255871    -0.956150
-0.136360    -0.189205    -0.972423
-0.129576    -0.121711    -0.984071
-0.122189    -0.053719    -0.991052
-0.114237     0.014437    -0.993349
-0.105760     0.082430    -0.990969
-0.096801     0.149932    -0.983946
-0.087406     0.216622    -0.972335
-0.077622     0.282187    -0.956214
-0.067497     0.346323    -0.935684
-0.057081     0.408734    -0.910867
-0.046423     0.469140    -0.881903
-0.035576     0.527269    -0.848953
-0.024590     0.582868    -0.812195
-0.013518     0.635696    -0.771821
-0.002409     0.685531    -0.728040
 0.008685     0.732164    -0.681073
 0.019715     0.775407    -0.631153
 0.030630     0.815089    -0.578525
 0.041385     0.851057    -0.523440
 0.051931     0.883175    -0.466160
 0.062225     0.911329    -0.406949
 0.072222     0.935421    -0.346080
 0.081882     0.955373    -0.283828
 0.091166     0.971124    -0.220469
 0.100035     0.982634    -0.156282
 0.108454     0.989877    -0.091545
 0.116391     0.992849    -0.026536
 0.123814     0.991559     0.038470
 0.130697     0.986037     0.103201
 0.137011     0.976324     0.167387
 0.142735     0.962483     0.230767
 0.147847     0.944587     0.293081
 0.152329     0.922727     0.354077
 0.156165     0.897007     0.413511
 0.159340     0.867544     0.471146
 0.161846     0.834469     0.526751
 0.163672     0.797926     0.580108
 0.164813     0.758070     0.631004
 0.165266     0.715068     0.679239
 0.165031     0.669096     0.724621
 0.164107     0.620344     0.766969
 0.162501     0.569008     0.806116
 0.160217     0.515295     0.841903
 0.157266     0.459421     0.874185
 0.153658     0.401609     0.902829
 0.149407     0.342089     0.927714
 0.144530     0.281100     0.948733
 0.139044     0.218885     0.965793
 0.132971     0.155694     0.978815
 0.126334     0.091781     0.987733
 0.119157     0.027406     0.992497
 0.111469    -0.037170     0.993073
 0.103298    -0.101680     0.989440
 0.094677    -0.165858     0.981594
 0.085639    -0.229435     0.969549
 0.076219    -0.292141     0.953333
 0.066457    -0.353708     0.932992
 0.056390    -0.413870     0.908588
 0.046060    -0.472360     0.880201
 0.035509    -0.528919     0.847929
 0.024782    -0.583291     0.811885
 0.013923    -0.635224     0.772202
 0.002981    -0.684475     0.729030
-0.007999    -0.730810     0.682534
-0.018968    -0.774003     0.632897
-0.029876    -0.813840     0.580321
-0.040675    -0.850117     0.525021
-0.051314    -0.882647     0.467228
-0.061744    -0.911254     0.407189
-0.071916    -0.935783     0.345165
-0.081782    -0.956091     0.281428
-0.091293    -0.972057     0.216264
-0.100404    -0.983579     0.149969
-0.109067    -0.990576     0.082848
-0.117242    -0.992987     0.015214
-0.124884    -0.990775    -0.052615
-0.131956    -0.983927    -0.120314
-0.138421    -0.972452    -0.187557
-0.144244    -0.956383    -0.254018
-0.149395    -0.935779    -0.319371
-0.153846    -0.910723    -0.383294
-0.157573    -0.881322    -0.445469
-0.160556    -0.847705    -0.505587
-0.162778    -0.810027    -0.563347
-0.164227    -0.768464    -0.618460
-0.164894    -0.723214    -0.670650
-0.164775    -0.674497    -0.719655
-0.163870    -0.622549    -0.765232
-0.162184    -0.567625    -0.807154
-0.159725    -0.509999    -0.845216
-0.156505    -0.449954    -0.879231
-0.152542    -0.387790    -0.909038
-0.147856    -0.323816    -0.934495
-0.142471    -0.258349    -0.955488
-0.136416    -0.191714    -0.971924
-0.129723    -0.124239    -0.983736
-0.122425    -0.056255    -0.990882
-0.114561     0.011907    -0.993345
-0.106171     0.079915    -0.991131
-0.097297     0.147445    -0.984273
-0.087984     0.214175    -0.972825
-0.078280     0.279790    -0.956865
-0.068231     0.343987    -0.936492
-0.057887     0.406471    -0.911828
-0.047298     0.466959    -0.883013
-0.036515     0.525180    -0.850207
-0.025589     0.580881    -0.813586
-0.014572     0.633819    -0.773344
-0.003514     0.683772    -0.729687
 0.007535     0.730532    -0.682837
 0.018524     0.773908    -0.633027
 0.029405     0.813730    -0.580499
 0.040131     0.849843    -0.525506
 0.050654     0.882112    -0.468307
 0.060930     0.910422    -0.409170
 0.070915     0.934673    -0.348364
 0.080569     0.954787    -0.286164
 0.089852     0.970704    -0.222848
 0.098727     0.982380    -0.158693
 0.107157     0.989791    -0.093978
 0.115111     0.992930    -0.028981
 0.122557     0.991807     0.036024
 0.129467     0.986451     0.100765
 0.135815     0.976903     0.164972
 0.141577     0.963223     0.228381
 0.146732     0.945485     0.290736
 0.151262     0.923780     0.351783
 0.155149     0.898209     0.411277
 0.158382     0.868891     0.468981
 0.160947     0.835955     0.524666
 0.162838     0.799545     0.578110
 0.164047     0.759815     0.629102
 0.164571     0.716931     0.677441
 0.164409     0.671070     0.722935
 0.163562     0.622420     0.765402
 0.162035     0.571177     0.804675
 0.159832     0.517549     0.840593
 0.156963     0.461750     0.873012
 0.153439     0.404002     0.901798
 0.149272     0.344538     0.926829
 0.144480     0.283593     0.947998
 0.139080     0.221412     0.965212
 0.133093     0.158244     0.978389
 0.126540     0.094344     0.987465
 0.119448     0.029970     0.992388
 0.111842    -0.034615     0.993123
 0.103753    -0.099146     0.989649
 0.095212    -0.163356     0.981962
 0.086251    -0.226974     0.970074
 0.076907    -0.289734     0.954012
 0.067217    -0.351364     0.933823
 0.057219    -0.411599     0.909567
 0.046955    -0.470173     0.881324
 0.036467    -0.526826     0.849191
 0.025797    -0.581299     0.813281
 0.014993    -0.633344     0.773725
 0.004099    -0.682715     0.730673
-0.006836    -0.729178     0.684290
-0.017765    -0.772505     0.634760
-0.028639    -0.812483     0.582281
-0.039409    -0.848908     0.527069
-0.050025    -0.881591     0.469355
-0.060438    -0.910357     0.409386
-0.070599    -0.935048     0.347421
-0.080459    -0.955522     0.283733
-0.089971    -0.971656     0.218608
-0.099088    -0.983348     0.152340
-0.107765    -0.990516     0.085236
-0.115957    -0.993098     0.017607
-0.123625    -0.991057    -0.050227
-0.130727    -0.984378    -0.117942
-0.137228    -0.973070    -0.185213
-0.143093    -0.957165    -0.251713
-0.148291    -0.936722    -0.317116
-0.152795    -0.911821    -0.381098
-0.156579    -0.882570    -0.443343
-0.159624    -0.849097    -0.503541
-0.161912    -0.811557    -0.561391
-0.163431    -0.770125    -0.616602
-0.164172    -0.724998    -0.668899
-0.164131    -0.676394    -0.718020
-0.163307    -0.624551    -0.763719
-0.161704    -0.569723    -0.805772
-0.159330    -0.512181    -0.843969
-0.156197    -0.452212    -0.878127
-0.152323    -0.390112    -0.908080
-0.147726    -0.326192    -0.933689
-0.142432    -0.260767    -0.954837
-0.136467    -0.194162    -0.971431
-0.129864    -0.126707    -0.983403
-0.122655    -0.058731    -0.990710
-0.114879     0.009434    -0.993335
-0.106575     0.077458    -0.991283
-0.097785     0.145014    -0.984586
-0.088555     0.211781    -0.973297
-0.078929     0.277445    -0.957494
-0.068956     0.341702    -0.937275
-0.058685     0.404255    -0.912762
-0.048165     0.464823    -0.884093
-0.037447     0.523134    -0.851427
-0.026581     0.578933    -0.814942
-0.015620     0.631979    -0.774828
-0.004612     0.682047    -0.731293
 0.006390     0.728930    -0.684558
 0.017339     0.772437    -0.634854
 0.028185     0.812396    -0.582425
 0.038880     0.848652    -0.527521
 0.049379     0.881069    -0.470404
 0.059637     0.909530    -0.411337
 0.069609     0.933937    -0.350593
 0.079256     0.954211    -0.288445
 0.088538     0.970288    -0.225170
 0.097417     0.982127    -0.161047
 0.105857     0.989702    -0.096353
 0.113827     0.993005    -0.031366
 0.121294     0.992047     0.033638
 0.128230     0.986852     0.098388
 0.134609     0.977464     0.162616
 0.140408     0.963942     0.226056
 0.145605     0.946359     0.288450
 0.150181     0.924804     0.349547
 0.154119     0.899380     0.409101
 0.157407     0.870202     0.466874
 0.160032     0.837402     0.522636
 0.161985     0.801120     0.576166
 0.163261     0.761512     0.627252
 0.163855     0.718743     0.675693
 0.163766     0.672989     0.721295
 0.162995     0.624437     0.763879
 0.161545     0.573285     0.803273
 0.159422     0.519738     0.839319
 0.156634     0.464011     0.871871
 0.153193     0.406326     0.900795
 0.149111     0.346914     0.925968
 0.144404     0.286011     0.947283
 0.139089     0.223862     0.964645
 0.133186     0.160716     0.977973
 0.126719     0.096827     0.987202
 0.119710     0.032454     0.992278
 0.112188    -0.032141     0.993167
 0.104181    -0.096693     0.989847
 0.095720    -0.160933     0.982313
 0.086837    -0.224593     0.970576
 0.077569    -0.287404     0.954663
 0.067952    -0.349096     0.934620
 0.058024    -0.409403     0.910507
 0.047827    -0.468058     0.882403
 0.037401    -0.524800     0.850403
 0.026791    -0.579373     0.814622
 0.016041    -0.631525     0.775189
 0.005198    -0.681012     0.732254
-0.005692    -0.727598     0.685981
-0.016580    -0.771056     0.636552
-0.027419    -0.811170     0.584167
-0.038158    -0.847738     0.529041
-0.048750    -0.880569     0.471404
-0.059144    -0.909488     0.411503
-0.069291    -0.934335     0.349596
-0.079144    -0.954969     0.285957
-0.088655    -0.971266     0.220870
-0.097776    -0.983122     0.154630
-0.106463    -0.990455     0.087543
-0.114672    -0.993204     0.019922
-0.122362    -0.991328    -0.047916
-0.129493    -0.984813    -0.115646
-0.136028    -0.973668    -0.182942
-0.141933    -0.957923    -0.249477
-0.147176    -0.937636    -0.314926
-0.151730    -0.912888    -0.378965
-0.155570    -0.883784    -0.441276
-0.158675    -0.850453    -0.501550
-0.161028    -0.813048    -0.559485
-0.162617    -0.771744    -0.614791
-0.163431    -0.726737    -0.667190
-0.163466    -0.678246    -0.716422
-0.162721    -0.626507    -0.762241
-0.161201    -0.571774    -0.804418
-0.158912    -0.514317    -0.842748
-0.155866    -0.454423    -0.877044
-0.152080    -0.392388    -0.907140
-0.147573    -0.328521    -0.932897
-0.142368    -0.263139    -0.954195
-0.136494    -0.196566    -0.970943
-0.129980    -0.129131    -0.983072
-0.122861    -0.061164    -0.990537
-0.115173     0.007003    -0.993321
-0.106956     0.075041    -0.991428
-0.098251     0.142622    -0.984889
-0.089102     0.209425    -0.973757
-0.079556     0.275136    -0.958108
-0.069660     0.339451    -0.938041
-0.059462     0.402072    -0.913675
-0.049012     0.462718    -0.885150
-0.038359     0.521117    -0.852623
-0.027555     0.577013    -0.816270
-0.016651     0.630165    -0.776283
-0.005695     0.680347    -0.732868
 0.005260     0.727351    -0.686246
 0.016167     0.770986    -0.636647
 0.026976     0.811079    -0.584314
 0.037640     0.847475    -0.529499
 0.048113     0.880037    -0.472461
 0.058351     0.908648    -0.413465
 0.068309     0.933209    -0.352781
 0.077948     0.953639    -0.290684
 0.087226     0.969875    -0.227451
 0.096108     0.981874    -0.163359
 0.104557     0.989610    -0.098686
 0.112541     0.993075    -0.033711
 0.120027     0.992277     0.031293
 0.126989     0.987243     0.096053
 0.133398     0.978013     0.160299
 0.139233     0.964646     0.223768
 0.144470     0.947216     0.286201
 0.149091     0.925809     0.347347
 0.153079     0.900529     0.406958
 0.156420     0.871491     0.464798
 0.159103     0.838824     0.520635
 0.161118     0.802670     0.574249
 0.162459     0.763183     0.625427
 0.163122     0.720528     0.673967
 0.163104     0.674880     0.719676
 0.162407     0.626427     0.762373
 0.161033     0.575365     0.801887
 0.158989     0.521899     0.838059
 0.156282     0.466244     0.870742
 0.152923     0.408622     0.899801
 0.148924     0.349263     0.925115
 0.144300     0.288404     0.946573
 0.139070     0.226288     0.964082
 0.133252     0.163165     0.977559
 0.126869     0.099288     0.986938
 0.119944     0.034917     0.992166
 0.112505    -0.029687     0.993208
 0.104580    -0.094257     0.990040
 0.096199    -0.158527     0.982657
 0.087395    -0.222227     0.971070
 0.078203    -0.285088     0.955306
 0.068659    -0.346840     0.935408
 0.058802    -0.407216     0.911437
 0.048672    -0.465951     0.883471
 0.038310    -0.522782     0.851605
 0.027760    -0.577453     0.815952
 0.017066    -0.629711     0.776642
 0.006274    -0.679312     0.733823
-0.004569    -0.726019     0.687659
-0.015416    -0.769606     0.638333
-0.026218    -0.809857     0.586042
-0.036926    -0.846566     0.531002
-0.047491    -0.879544     0.473442
-0.057865    -0.908614     0.413608
-0.067998    -0.933617     0.351760
-0.077842    -0.954410     0.288170
-0.087349    -0.970869     0.223121
-0.096474    -0.982890     0.156910
-0.105170    -0.990388     0.089841
-0.113394    -0.993301     0.022226
-0.121105    -0.991591    -0.045615
-0.128262    -0.985240    -0.113359
-0.134829    -0.974257    -0.180680
-0.140772    -0.958671    -0.247251
-0.146059    -0.938540    -0.312745
-0.150661    -0.913944    -0.376840
-0.154555    -0.884986    -0.439217
-0.157718    -0.851797    -0.499567
-0.160135    -0.814527    -0.557587
-0.161790    -0.773351    -0.612987
-0.162675    -0.728465    -0.665489
-0.162785    -0.680086    -0.714832
-0.162118    -0.628450    -0.760768
-0.160678    -0.573811    -0.803071
-0.158472    -0.516439    -0.841532
-0.155511    -0.456620    -0.875965
-0.151812    -0.394649    -0.906204
-0.147392    -0.330836    -0.932107
-0.142276    -0.265497    -0.953556
-0.136490    -0.198955    -0.970457
-0.130065    -0.131540    -0.982741
-0.123034    -0.063583    -0.990364
-0.115432     0.004587    -0.993305
-0.107301     0.072638    -0.991570
-0.098680     0.140243    -0.985187
-0.089613     0.207082    -0.974211
-0.080147     0.272840    -0.958715
-0.070327     0.337212    -0.938798
-0.060202     0.399900    -0.914579
-0.049821     0.460623    -0.886196
-0.039235     0.519109    -0.853807
-0.028493     0.575100    -0.817587
-0.017645     0.628356    -0.777726
-0.006743     0.678651    -0.734430
 0.004165     0.725775    -0.687920
 0.015029     0.769537    -0.638426
 0.025801     0.809763    -0.586190
 0.036433     0.846298    -0.531463
 0.046880     0.879004    -0.474504
 0.057096     0.907764    -0.415578
 0.067039     0.932477    -0.354955
 0.076668     0.953061    -0.292910
 0.085942     0.969455    -0.229718
 0.094825     0.981614    -0.165657
 0.103281     0.989510    -0.101006
 0.111277     0.993136    -0.036041
 0.118782     0.992498     0.028962
 0.125766     0.987622     0.093730
 0.132204     0.978550     0.157995
 0.138071     0.965338     0.221493
 0.143347     0.948059     0.283965
 0.148010     0.926800     0.345158
 0.152046     0.901664     0.404827
 0.155439     0.872764     0.462733
 0.158177     0.840231     0.518645
 0.160252     0.804204     0.572342
 0.161656     0.764837     0.623612
 0.162384     0.722295     0.672250
 0.162436     0.676754     0.718066
 0.161810     0.628399     0.760876
 0.160511     0.577426     0.800509
 0.158543     0.524041     0.836806
 0.155915     0.468458     0.869619
 0.152635     0.410898     0.898813
 0.148718     0.351591     0.924265
 0.144176     0.290775     0.945866
 0.139028     0.228692     0.963520
 0.133293     0.165591     0.977145
 0.126993     0.101727     0.986673
 0.120151     0.037357     0.992053
 0.112793    -0.027255     0.993245
 0.104948    -0.091844     0.990228
 0.096646    -0.156143     0.982995
 0.087919    -0.219882     0.971556
 0.078802    -0.282792     0.955939
 0.069331    -0.344604     0.936184
 0.059544    -0.405049     0.912354
 0.049481    -0.463862     0.884525
 0.039182    -0.520781     0.852791
 0.028692    -0.575547     0.817265
 0.018054    -0.627910     0.778077
 0.007313    -0.677624     0.735373
-0.003483    -0.724451     0.689317
-0.014287    -0.768165     0.640092
-0.025052    -0.808549     0.587895
-0.035727    -0.845398     0.532940
-0.046266    -0.878521     0.475458
-0.056618    -0.907742     0.415692
-0.066735    -0.932898     0.353902
-0.076569    -0.953849     0.290361
-0.086072    -0.970468     0.225352
-0.095198    -0.982651     0.159170
-0.103902    -0.990312     0.092120
-0.112139    -0.993390     0.024514
-0.119869    -0.991844    -0.043329
-0.127051    -0.985656    -0.111085
-0.133649    -0.974834    -0.178429
-0.139628    -0.959408    -0.245032
-0.144957    -0.939433    -0.310570
-0.149606    -0.914989    -0.374718
-0.153552    -0.886179    -0.437159
-0.156772    -0.853132    -0.497582
-0.159249    -0.815999    -0.555684
-0.160970    -0.774953    -0.611176
-0.161925    -0.730191    -0.663779
-0.162107    -0.681927    -0.713230
-0.161517    -0.630399    -0.759282
-0.160156    -0.575858    -0.801709
-0.158031    -0.518576    -0.840301
-0.155154    -0.458835    -0.874870
-0.151540    -0.396934    -0.905251
-0.147207    -0.333180    -0.931301
-0.142178    -0.267889    -0.952901
-0.136480    -0.201385    -0.969957
-0.130143    -0.133996    -0.982399
-0.123199    -0.066052    -0.990181
-0.115685     0.002114    -0.993284
-0.107638     0.070173    -0.991710
-0.099102     0.137798    -0.985490
-0.090117     0.204669    -0.974674
-0.080730     0.270469    -0.959338
-0.070987     0.334894    -0.939578
-0.060936     0.397647    -0.915513
-0.050625     0.458444    -0.887280
-0.040105     0.517015    -0.855036
-0.029426     0.573101    -0.818956
-0.018637     0.626462    -0.779229
-0.007788     0.676869    -0.736062
 0.003071     0.724115    -0.689672
 0.013891     0.768007    -0.640291
 0.024624     0.808370    -0.588160
 0.035222     0.845048    -0.533529
 0.045640     0.877904    -0.476657
 0.055834     0.906818    -0.417808
 0.065760     0.931690    -0.357252
 0.075377     0.952438    -0.295264
 0.084645     0.968998    -0.232118
 0.093528     0.981324    -0.168093
 0.101989     0.989390    -0.103467
 0.109996     0.993186    -0.038516
 0.117517     0.992718     0.026484
 0.124523     0.988011     0.091260
 0.130988     0.979106     0.155544
 0.136887     0.966059     0.219072
 0.142200     0.948941     0.281584
 0.146905     0.927840     0.342828
 0.150987     0.902857     0.402557
 0.154431     0.874105     0.460534
 0.157224     0.841713     0.516526
 0.159358     0.805822     0.570313
 0.160825     0.766583     0.621680
 0.161619     0.724161     0.670425
 0.161740     0.678732     0.716354
 0.161187     0.630480     0.759285
 0.159963     0.579601     0.799046
 0.158072     0.526301     0.835476
 0.155523     0.470792     0.868428
 0.152324     0.413297     0.897766
 0.148488     0.354044     0.923366
 0.144029     0.293271     0.945118
 0.138965     0.231221     0.962926
 0.133314     0.168142     0.976707
 0.127097     0.104288     0.986393
 0.120338     0.039919     0.991930
 0.113063    -0.024704     0.993281
 0.105299    -0.089316     0.990422
 0.097077    -0.153647     0.983346
 0.088429    -0.217430     0.972062
 0.079388    -0.280394     0.956597
 0.069990    -0.342269     0.936991
 0.060274    -0.402789     0.913306
 0.050278    -0.461685     0.885618
 0.040044    -0.518697     0.854020
 0.029614    -0.573566     0.818624
 0.019033    -0.626039     0.779560
 0.008345    -0.675871     0.736973
-0.002403    -0.722824     0.691028
-0.013164    -0.766671     0.641905
-0.023890    -0.807195     0.589802
-0.034532    -0.844189     0.534933
-0.045042    -0.877462     0.477527
-0.055372    -0.906837     0.417828
-0.065472    -0.932153     0.356096
-0.075295    -0.953265     0.292603
-0.084792    -0.970049     0.227631
-0.093919    -0.982397     0.161477
-0.102628    -0.990226     0.094444
-0.110878    -0.993471     0.026844
-0.118626    -0.992092    -0.041003
-0.125833    -0.986070    -0.108774
-0.132460    -0.975412    -0.176143
-0.138475    -0.960146    -0.242783
-0.143844    -0.940329    -0.308366
-0.148540    -0.916039    -0.372571
-0.152538    -0.887378    -0.435078
-0.155815    -0.854474    -0.495577
-0.158354    -0.817477    -0.553764
-0.160141    -0.776562    -0.609350
-0.161165    -0.731922    -0.662055
-0.161422    -0.683773    -0.711616
-0.160909    -0.632350    -0.757787
-0.159628    -0.577907    -0.800339
-0.157587    -0.520712    -0.839062
-0.154795    -0.461049    -0.873769
-0.151267    -0.399215    -0.904293
-0.147023    -0.335518    -0.930490
-0.142084    -0.270273    -0.952242
-0.136476    -0.203804    -0.969452
-0.130229    -0.136439    -0.982051
-0.123375    -0.068509    -0.989993
-0.115949    -0.000344    -0.993255
-0.107991     0.067725    -0.991842
-0.099540     0.135372    -0.985782
-0.090639     0.202274    -0.975125
-0.081333     0.268118    -0.959947
-0.071668     0.332597    -0.940342
-0.061692     0.395414    -0.916429
-0.051454     0.456287    -0.888344
-0.041002     0.514942    -0.856244
-0.030386     0.571123    -0.820302
-0.019656     0.624586    -0.780708
-0.008862     0.675106    -0.737667
 0.001948     0.722472    -0.691397
 0.012723     0.766491    -0.642129
 0.023416     0.806989    -0.590102
 0.033981     0.843809    -0.535567
 0.044371     0.876812    -0.478782
 0.054542     0.905878    -0.420011
 0.064451     0.930907    -0.359524
 0.074057     0.951816    -0.297594
 0.083320     0.968539    -0.234498
 0.092203     0.981032    -0.170511
 0.100670     0.989266    -0.105913
 0.108689     0.993231    -0.040980
 0.116227     0.992932     0.024013
 0.123256     0.988395     0.088793
 0.129750     0.979657     0.153091
 0.135683     0.966776     0.216644
 0.141034     0.949822     0.279192
 0.145783     0.928881     0.340482
 0.149913     0.904053     0.400268
 0.153410     0.875452     0.458311
 0.156261     0.843206     0.514379
 0.158456     0.807454     0.568251
 0.159988     0.768348     0.619713
 0.160852     0.726052     0.668562
 0.161046     0.680740     0.714603
 0.160568     0.632598     0.757653
 0.159422     0.581820     0.797540
 0.157611     0.528611     0.834104
 0.155144     0.473183     0.867195
 0.152029     0.415759     0.896678
 0.148279     0.356568     0.922428
 0.143906     0.295845     0.944334
 0.138928     0.233834     0.962300
 0.133364     0.170783     0.976241
 0.127234     0.106946     0.986090
 0.120561     0.042581     0.991792
 0.113371    -0.022049     0.993308
 0.105692    -0.086678     0.990614
 0.097552    -0.151039     0.983703
 0.088984    -0.214863     0.972582
 0.080021    -0.277880     0.957277
 0.070699    -0.339819     0.937830
 0.061055    -0.400413     0.914298
 0.051129    -0.459395     0.886759
 0.040961    -0.516502     0.855306
 0.030593    -0.571476     0.820048
 0.020069    -0.624063     0.781116
 0.009435    -0.674019     0.738654
-0.001265    -0.721104     0.692826
-0.011982    -0.765090     0.643811
-0.022669    -0.805760     0.591808
-0.033278    -0.842907     0.537030
-0.043761    -0.876338     0.479704
-0.054068    -0.905876     0.420077
-0.064152    -0.931359     0.358405
-0.073964    -0.952642     0.294961
-0.083458    -0.969599     0.230028
-0.092586    -0.982122     0.163901
-0.101303    -0.990127     0.096884
-0.109566    -0.993548     0.029290
-0.117334    -0.992344    -0.038564
-0.124566    -0.986495    -0.106353
-0.131224    -0.976008    -0.173751
-0.137276    -0.960910    -0.240430
-0.142688    -0.941257    -0.306065
-0.147431    -0.917126    -0.370330
-0.151481    -0.888619    -0.432909
-0.154816    -0.855863    -0.493489
-0.157417    -0.819007    -0.551767
-0.159271    -0.778225    -0.607452
-0.160366    -0.733711    -0.660266
-0.160698    -0.685679    -0.709944
-0.160262    -0.634365    -0.756239
-0.159063    -0.580020    -0.798922
-0.157106    -0.522914    -0.837782
-0.154400    -0.463329    -0.872632
-0.150961    -0.401563    -0.903304
-0.146807    -0.337923    -0.929654
-0.141958    -0.272724    -0.951562
-0.136442    -0.206289    -0.968932
-0.130287    -0.138947    -0.981692
-0.123524    -0.071028    -0.989796
-0.116190    -0.002863    -0.993223
-0.108321     0.065218    -0.991974
-0.099957     0.132888    -0.986078
-0.091143     0.199825    -0.975583
-0.081920     0.265714    -0.960565
-0.072336     0.330249    -0.941118
-0.062438     0.393134    -0.917359
-0.052273     0.454084    -0.889424
-0.041891     0.512826    -0.857470
-0.031341     0.569104    -0.821668
-0.020672     0.622673    -0.782209
-0.009934     0.673308    -0.739296
 0.000824     0.720796    -0.693147
 0.011553     0.764946    -0.643991
 0.022205     0.805581    -0.592070
 0.032735     0.842544    -0.537631
 0.043095     0.875697    -0.480934
 0.053243     0.904918    -0.422242
 0.063134     0.930106    -0.361824
 0.072728     0.951177    -0.299954
 0.081985     0.968067    -0.236906
 0.090868     0.980729    -0.172958
 0.099341     0.989133    -0.108388
 0.107372     0.993268    -0.043473
 0.114928     0.993141     0.021513
 0.121980     0.988774     0.086297
 0.128502     0.980206     0.150610
 0.134470     0.967492     0.214188
 0.139861     0.950703     0.276772
 0.144655     0.929923     0.338109
 0.148835     0.905253     0.397952
 0.152386     0.876805     0.456061
 0.155296     0.844705     0.512207
 0.157554     0.809094     0.566165
 0.159153     0.770123     0.617723
 0.160087     0.727954     0.666675
 0.160354     0.682761     0.712828
 0.159952     0.634729     0.755999
 0.158885     0.584053     0.796014
 0.157155     0.530936     0.832712
 0.154771     0.475591     0.865944
 0.151741     0.418240     0.895572
 0.148076     0.359110     0.921473
 0.143790     0.298439     0.943535
 0.138900     0.236468     0.961660
 0.133423     0.173445     0.975764
 0.127380     0.109626     0.985777
 0.120793     0.045267     0.991645
 0.113689    -0.019369     0.993328
 0.106094    -0.084016     0.990800
 0.098037    -0.148407     0.984055
 0.089550    -0.212272     0.973099
 0.080665    -0.275341     0.957957
 0.071419    -0.337344     0.938669
 0.061848    -0.398012     0.915293
 0.051990    -0.457079     0.887905
 0.041888    -0.514282     0.856598
 0.031582    -0.569361     0.821481
 0.021115    -0.622063     0.782682
 0.010534    -0.672142     0.740347
-0.000118    -0.719360     0.694638
-0.010792    -0.763486     0.645734
-0.021442    -0.804303     0.593833
-0.032019    -0.841603     0.539147
-0.042475    -0.875194     0.481904
-0.052761    -0.904897     0.422349
-0.062830    -0.930548     0.360739
-0.072633    -0.952003     0.297346
-0.082124    -0.969134     0.232453
-0.091255    -0.981834     0.166354
-0.099982    -0.990016     0.099355
-0.108260    -0.993615     0.031766
-0.116049    -0.992587    -0.036094
-0.123308    -0.986914    -0.103900
-0.130001    -0.976600    -0.171326
-0.136091    -0.961672    -0.238045
-0.141547    -0.942185    -0.303730
-0.146341    -0.918214    -0.368058
-0.150446    -0.889863    -0.430708
-0.153841    -0.857256    -0.491370
-0.156507    -0.820544    -0.549740
-0.158429    -0.779896    -0.605526
-0.159597    -0.735509    -0.658449
-0.160004    -0.687596    -0.708245
-0.159648    -0.636390    -0.754665
-0.158531    -0.582145    -0.797480
-0.156658    -0.525128    -0.836480
-0.154040    -0.465623    -0.871474
-0.150689    -0.403926    -0.902295
-0.146624    -0.340342    -0.928799
-0.141866    -0.275190    -0.950865
-0.136441    -0.208790    -0.968396
-0.130376    -0.141471    -0.981319
-0.123704    -0.073564    -0.989589
-0.116459    -0.005399    -0.993181
-0.108678     0.062693    -0.992098
-0.100401     0.130385    -0.986367
-0.091670     0.197356    -0.976036
-0.082530     0.263290    -0.961180
-0.073024     0.327882    -0.941892
-0.063201     0.390833    -0.918289
-0.053108     0.451860    -0.890506
-0.042794     0.510690    -0.858699
-0.032307     0.567065    -0.823039
-0.021697     0.620741    -0.783716
-0.011014     0.671490    -0.740932
-0.000305     0.719102    -0.694905
 0.010380     0.763382    -0.645864
 0.020994     0.804155    -0.594049
 0.031491     0.841263    -0.539708
 0.041824     0.874566    -0.483100
 0.051949     0.903942    -0.424487
 0.061825     0.929290    -0.364139
 0.071409     0.950526    -0.302327
 0.080662     0.967582    -0.239329
 0.089546     0.980413    -0.175420
 0.098027     0.988988    -0.110878
 0.106071     0.993295    -0.045979
 0.113646     0.993340     0.019001
 0.120723     0.989144     0.083789
 0.127276     0.980746     0.148119
 0.133278     0.968199     0.211723
 0.138709     0.951575     0.274345
 0.143549     0.930956     0.335729
 0.147779     0.906442     0.395631
 0.151384     0.878146     0.453809
 0.154352     0.846193     0.510032
 0.156672     0.810722     0.564078
 0.158337     0.771883     0.615732
 0.159340     0.729839     0.664790
 0.159679     0.684763     0.711057
 0.159353     0.636840     0.754348
 0.158363     0.586263     0.794491
 0.156714     0.533237     0.831324
 0.154411     0.477972     0.864697
 0.151464     0.420690     0.894471
 0.147883     0.361620     0.920523
 0.143682     0.300997     0.942739
 0.138877     0.239063     0.961021
 0.133485     0.176067     0.975286
 0.127527     0.112261     0.985461
 0.121025     0.047906     0.991493
 0.114005    -0.016738     0.993339
 0.106492    -0.081405     0.990976
 0.098515    -0.145826     0.984393
 0.090106    -0.209733     0.973598
 0.081298    -0.272855     0.958614
 0.072125    -0.334922     0.939481
 0.062625    -0.395665     0.916257
 0.052835    -0.454817     0.889017
 0.042796    -0.512114     0.857851
 0.032550    -0.567297     0.822870
 0.022139    -0.620112     0.784201
 0.011609    -0.670313     0.741988
 0.001004    -0.717659     0.696394
-0.009629    -0.761922     0.647597
-0.020242    -0.802882     0.595794
-0.030787    -0.840332     0.541197
-0.041218    -0.874078     0.484034
-0.051484    -0.903940     0.424549
-0.061538    -0.929755     0.362999
-0.071333    -0.951377     0.299656
-0.080821    -0.968678     0.234802
-0.089955    -0.981549     0.168732
-0.098691    -0.989903     0.101749
-0.106984    -0.993673     0.034167
-0.114794    -0.992818    -0.033697
-0.122081    -0.987315    -0.101519
-0.128805    -0.977168    -0.168972
-0.134934    -0.962406    -0.235728
-0.140434    -0.943080    -0.301461
-0.145277    -0.919267    -0.365846
-0.149436    -0.891067    -0.428565
-0.152890    -0.858607    -0.489305
-0.155619    -0.822034    -0.547762
-0.157609    -0.781519    -0.603645
-0.158849    -0.737257    -0.656673
-0.159332    -0.689460    -0.706582
-0.159055    -0.638363    -0.753123
-0.158019    -0.584217    -0.796066
-0.156230    -0.527289    -0.835200
-0.153697    -0.467863    -0.870334
-0.150434    -0.406234    -0.901301
-0.146458    -0.342709    -0.927955
-0.141790    -0.277604    -0.950175
-0.136454    -0.211240    -0.967863
-0.130479    -0.143946    -0.980946
-0.123896    -0.076052    -0.989377
-0.116739    -0.007889    -0.993131
-0.109044     0.060212    -0.992212
-0.100853     0.127926    -0.986643
-0.092205     0.194929    -0.976474
-0.083144     0.260907    -0.961777
-0.073716     0.325553    -0.942646
-0.063967     0.388569    -0.919196
-0.053944     0.449672    -0.891563
-0.043696     0.508587    -0.859901
-0.033271     0.565057    -0.824381
-0.022719     0.618837    -0.785191
-0.012088     0.669699    -0.742534
-0.001427     0.717432    -0.696627
 0.009215     0.761841    -0.647698
 0.019792     0.802750    -0.595987
 0.030256     0.840000    -0.541742
 0.040563     0.873451    -0.485220
 0.050667     0.902980    -0.426685
 0.060527     0.928485    -0.366403
 0.070102     0.949881    -0.304649
 0.079351     0.967102    -0.241698
 0.088238     0.980098    -0.177825
 0.096726     0.988840    -0.113309
 0.104783     0.993315    -0.048426
 0.112377     0.993528     0.016550
 0.119478     0.989499     0.081345
 0.126060     0.981266     0.145691
 0.132097     0.968883     0.209323
 0.137568     0.952418     0.271982
 0.142451     0.931956     0.333415
 0.146730     0.907594     0.393374
 0.150389     0.879444     0.451620
 0.153415     0.847632     0.507921
 0.155797     0.812296     0.562053
 0.157526     0.773585     0.613801
 0.158598     0.731661     0.662962
 0.159008     0.686698     0.709339
 0.158756     0.638879     0.752748
 0.157843     0.588398     0.793015
 0.156272     0.535457     0.829979
 0.154050     0.480269     0.863487
 0.151185     0.423054     0.893403
 0.147687     0.364040     0.919600
 0.143570     0.303463     0.941965
 0.138849     0.241564     0.960400
 0.133542     0.178593     0.974818
 0.127669     0.114802     0.985150
 0.121251     0.050449     0.991339
 0.114313    -0.014203     0.993343
 0.106881    -0.078889     0.991137
 0.098985    -0.143340     0.984711
 0.090654    -0.207287     0.974071
 0.081921    -0.270460     0.959240
 0.072821    -0.332588     0.940257
 0.063391    -0.393401     0.917179
 0.053668    -0.452634     0.890080
 0.043693    -0.510021     0.859051
 0.033506    -0.565304     0.824202
 0.023151    -0.618227     0.785658
 0.012672    -0.668544     0.743565
 0.002114    -0.716014     0.698082
-0.008477    -0.760408     0.649390
-0.019054    -0.801506     0.597683
-0.029568    -0.839099     0.543174
-0.039972    -0.872994     0.486090
-0.050218    -0.903010     0.426675
-0.060258    -0.928983     0.365185
-0.070043    -0.950766     0.301891
-0.079528    -0.968230     0.237077
-0.088665    -0.981267     0.171037
-0.097409    -0.989788     0.104074
-0.105718    -0.993726     0.036500
-0.113548    -0.993037    -0.031366
-0.120860    -0.987700    -0.099200
-0.127617    -0.977718    -0.166676
-0.133783    -0.963118    -0.233467
-0.139326    -0.943950    -0.299244
-0.144217    -0.920291    -0.363684
-0.148429    -0.892241    -0.426467
-0.151940    -0.859925    -0.487281
-0.154732    -0.823490    -0.545822
-0.156788    -0.783108    -0.601797
-0.158098    -0.738969    -0.654927
-0.158655    -0.691289    -0.704945
-0.158455    -0.640300    -0.751604
-0.157499    -0.586252    -0.794671
-0.155793    -0.529414    -0.833936
-0.153345    -0.470068    -0.869207
-0.150167    -0.408509    -0.900317
-0.146279    -0.345043    -0.927118
-0.141699    -0.279985    -0.949489
-0.136451    -0.213659    -0.967332
-0.130565    -0.146391    -0.980573
-0.124070    -0.078511    -0.989163
-0.117000    -0.010352    -0.993078
-0.109392     0.057758    -0.992319
-0.101285     0.125491    -0.986911
-0.092719     0.192525    -0.976902
-0.083738     0.258545    -0.962363
-0.074387     0.323244    -0.943388
-0.064711     0.386324    -0.920090
-0.054759     0.447501    -0.892606
-0.044577     0.506500    -0.861087
-0.034214     0.563063    -0.825705
-0.023720     0.616946    -0.786648
-0.013142     0.667920    -0.744117
-0.002529     0.715773    -0.698329
 0.008070     0.760309    -0.649511
 0.018608     0.801352    -0.597903
 0.029040     0.838743    -0.543753
 0.039319     0.872340    -0.487317
 0.049402     0.902020    -0.428857
 0.059246     0.927681    -0.368643
 0.068810     0.949236    -0.306945
 0.078055     0.966619    -0.244040
 0.086943     0.979779    -0.180204
 0.095438     0.988687    -0.115713
 0.103507     0.993328    -0.050845
 0.111118     0.993707     0.014126
 0.118243     0.989843     0.078927
 0.124853     0.981774     0.143290
 0.130923     0.969552     0.206949
 0.136432     0.953246     0.269646
 0.141359     0.932938     0.331126
 0.145685     0.908726     0.391142
 0.149396     0.880722     0.449455
 0.152478     0.849049     0.505832
 0.154919     0.813846     0.560048
 0.156712     0.775262     0.611891
 0.157851     0.733458     0.661152
 0.158331     0.688607     0.707638
 0.158152     0.640891     0.751164
 0.157314     0.590504     0.791554
 0.155820     0.537649     0.828646
 0.153677     0.482537     0.862288
 0.150893     0.425388     0.892343
 0.147477     0.366431     0.918683
 0.143443     0.305899     0.941196
 0.138805     0.244036     0.959781
 0.133582     0.181090     0.974352
 0.127792     0.117313     0.984839
 0.121457     0.052964     0.991183
 0.114601    -0.011695     0.993343
 0.107250    -0.076399     0.991292
 0.099433    -0.140878     0.985021
 0.091180    -0.204865     0.974534
 0.082522    -0.268087     0.959854
 0.073496    -0.330275     0.941019
 0.064135    -0.391158     0.918086
 0.054479    -0.450470     0.891128
 0.044567    -0.507946     0.860235
 0.034440    -0.563326     0.825516
 0.024141    -0.616356     0.787098
 0.013713    -0.666787     0.745122
 0.003202    -0.714379     0.699751
-0.007346    -0.758902     0.651163
-0.017885    -0.800136     0.599552
-0.028367    -0.837871     0.545131
-0.038745    -0.871913     0.488125
-0.048969    -0.902081     0.428780
-0.058993    -0.928210     0.367350
-0.068768    -0.950153     0.304107
-0.078248    -0.967779     0.239333
-0.087387    -0.980980     0.173323
-0.096139    -0.989667     0.106380
-0.104460    -0.993771     0.038815
-0.112310    -0.993248    -0.029052
-0.119647    -0.988077    -0.096898
-0.126434    -0.978258    -0.164397
-0.132637    -0.963818    -0.231220
-0.138221    -0.944808    -0.297041
-0.143159    -0.921303    -0.361534
-0.147423    -0.893402    -0.424381
-0.150991    -0.861229    -0.485268
-0.153844    -0.824932    -0.543892
-0.155966    -0.784681    -0.599959
-0.157346    -0.740666    -0.653189
-0.157976    -0.693102    -0.703316
-0.157853    -0.642220    -0.750090
-0.156976    -0.588272    -0.793281
-0.155352    -0.531523    -0.832676
-0.152988    -0.472256    -0.868083
-0.149897    -0.410767    -0.899334
-0.146096    -0.347360    -0.926281
-0.141604    -0.282351    -0.948803
-0.136446    -0.216061    -0.966799
-0.130648    -0.148820    -0.980196
-0.124241    -0.080955    -0.988944
-0.117258    -0.012799    -0.993019
-0.109736     0.055318    -0.992420
-0.101713     0.123071    -0.987172




-0.093230     0.190135    -0.977321
-0.084329     0.256197    -0.962939
-0.075054     0.320948    -0.944118
-0.065453     0.384092    -0.920972
-0.055570     0.445342    -0.893635
-0.045455     0.504425    -0.862258
-0.035155     0.561081    -0.827014
-0.024718     0.615066    -0.788088
-0.014194     0.666151    -0.745682
-0.003630     0.714123    -0.700011
 0.006926     0.758785    -0.651304
 0.017426     0.799962    -0.599798
 0.027825     0.837492    -0.545741
 0.038076     0.871234    -0.489389
 0.048137     0.901065    -0.431005
 0.057965     0.926880    -0.370855
 0.067518     0.948593    -0.309214
 0.076758     0.966136    -0.246354
 0.085646     0.979459    -0.182552
 0.094148     0.988530    -0.118086
 0.102228     0.993336    -0.053232
 0.109857     0.993878     0.011735
 0.117003     0.990177     0.076543
 0.123641     0.982270     0.140923
 0.129745     0.970207     0.204610
