  0.282005      6.166127     -4.254251
  0.362644      6.426044     -3.844001
  0.441750      6.658767     -3.417425
  0.519006      6.863359     -2.976226
  0.594103      7.038979     -2.522162
  0.666738      7.184889     -2.057036
  0.736615      7.300453     -1.582697
  0.803448      7.385140     -1.101033
  0.866958      7.438527     -0.613966
  0.926880      7.460301     -0.123448
  0.982958      7.450259      0.368544
  1.034949      7.408313      0.860012
  1.082621      7.334490      1.348941
  1.125760      7.228937      1.833306
  1.164163      7.091922      2.311078
  1.197644      6.923835      2.780232
  1.226033      6.725191      3.238749
  1.249179      6.496631      3.684625
  1.266948      6.238924      4.115877
  1.279228      5.952972      4.530551
  1.285926      5.639810      4.926737
  1.286973      5.300600      5.302570
  1.282323      4.936639      5.656245
  1.271954      4.549351      5.986026
  1.255868      4.140288      6.290255
  1.234094      3.711130      6.567362
  1.206688      3.263674      6.815883
  1.173734      2.799835      7.034462
  1.135343      2.321634      7.221868
  1.091655      1.831194      7.377004
  1.042835      1.330729      7.498914
  0.989081      0.822539      7.586800
  0.930617      0.308989      7.640025
  0.867693     -0.207496      7.658123
  0.800588     -0.724449      7.640806
  0.729604     -1.239373      7.587967
  0.655067     -1.749755      7.499690
  0.577325     -2.253085      7.376248
  0.496745     -2.746872      7.218103
  0.413712     -3.228657      7.025911
  0.328628     -3.696034      6.800514
  0.241908     -4.146661      6.542943
  0.153976     -4.578283      6.254405
  0.065263     -4.988742      5.936278
 -0.023796     -5.375990      5.590102
 -0.112761     -5.738104      5.217570
 -0.201193     -6.073294      4.820517
 -0.288658     -6.379922      4.400911
 -0.374724     -6.656503      3.960833
 -0.458974     -6.901720      3.502470
 -0.540999     -7.114425      3.028097
 -0.620405     -7.293648      2.540065
 -0.696813     -7.438601      2.040785
 -0.769862     -7.548679      1.532712
 -0.839212     -7.623461      1.018328
 -0.904541     -7.662710      0.500132
 -0.965552     -7.666371     -0.019375
 -1.021972     -7.634570     -0.537705
 -1.073553     -7.567610     -1.052398
 -1.120072     -7.465967     -1.561031
 -1.161333     -7.330283     -2.061233
 -1.197170     -7.161362     -2.550695
 -1.227443     -6.960164     -3.027181
 -1.252040     -6.727797     -3.488542
 -1.270878     -6.465505     -3.932723
 -1.283903     -6.174664     -4.357772
 -1.291088     -5.856766     -4.761847
 -1.292435     -5.513417     -5.143221
 -1.287972     -5.146327     -5.500291
 -1.277755     -4.757295     -5.831585
 -1.261865     -4.348205     -6.135765
 -1.240408     -3.921006     -6.411634
 -1.213511     -3.477711     -6.658132
 -1.181326     -3.020376     -6.874347
 -1.144029     -2.551102     -7.059505
 -1.101813     -2.072014     -7.212982
 -1.054891     -1.585256     -7.334295
 -1.003494     -1.092983     -7.423104
 -0.947869     -0.597348     -7.479212
 -0.888278     -0.100494     -7.502563
 -0.824997      0.395453     -7.493238
 -0.758313      0.888397     -7.451449
 -0.688525      1.376275     -7.377539
 -0.615941      1.857065     -7.271977
 -0.540876      2.328796     -7.135351
 -0.463652      2.789548     -6.968367
 -0.384598      3.237465     -6.771839
 -0.304046      3.670752     -6.546691
 -0.222332      4.087688     -6.293945
 -0.139791      4.486623     -6.014719
 -0.056762      4.865988     -5.710224
  0.026419      5.224294     -5.381753
  0.109417      5.560135     -5.030682
  0.191898      5.872194     -4.658460
  0.273531      6.159243     -4.266609
  0.353988      6.420148     -3.856718
  0.432948      6.653868     -3.430434
  0.510094      6.859461     -2.989463
  0.585118      7.036083     -2.535563
  0.657715      7.182990     -2.070537
  0.727592      7.299541     -1.596236
  0.794461      7.385202     -1.114548
  0.858045      7.439546     -0.627397
  0.918078      7.462255     -0.136737
  0.974302      7.453122      0.355453
  1.026475      7.412054      0.847171
  1.074364      7.339078      1.336400
  1.117753      7.234337      1.821112
  1.156437      7.098098      2.299278
  1.190231      6.930747      2.768868
  1.218963      6.732795      3.227862
  1.242479      6.504882      3.674249
  1.260646      6.247779      4.106045
  1.273349      5.962386      4.521297
  1.280495      5.649732      4.918090
  1.282012      5.310980      5.294559
  1.277850      4.947423      5.648892
  1.267986      4.560487      5.979351
  1.252421      4.151724      6.284273
  1.231182      3.722812      6.562088
  1.204323      3.275550      6.811325
  1.171926      2.811850      7.030628
  1.134101      2.333735      7.218761
  1.090986      1.843329      7.374622
  1.042747      1.342849      7.497253
  0.989579      0.834596      7.585854
  0.931702      0.320938      7.639786
  0.869363     -0.195702      7.658583
  0.802838     -0.712855      7.641955
  0.732425     -1.228022      7.589793
  0.658447     -1.738690      7.502177
  0.581250     -2.242348      7.379379
  0.501200     -2.736502      7.221859
  0.418679     -3.218692      7.030272
  0.334086     -3.686511      6.805459
  0.247832     -4.137616      6.548448
  0.160338     -4.569750      6.260442
  0.072035     -4.980754      5.942820
 -0.016643     -5.368577      5.597117
 -0.105260     -5.731294      5.225024
 -0.193380     -6.067115      4.828375
 -0.280571     -6.374394      4.409133
 -0.366404     -6.651644      3.969382
 -0.450460     -6.897544      3.511310
 -0.532333     -7.110945      3.037192
 -0.611626     -7.290877      2.549376
 -0.687961     -7.436550      2.050272
 -0.760978     -7.547356      1.542330
 -0.830334     -7.622869      1.028032
 -0.895710     -7.662848      0.509876
 -0.956808     -7.667237     -0.009638
 -1.013354     -7.636156     -0.528025
 -1.065098     -7.569905     -1.042823
 -1.111818     -7.468954     -1.551609
 -1.153318     -7.333942     -2.052010
 -1.189429     -7.165670     -2.541716
 -1.220011     -6.965094     -3.018492
 -1.244949     -6.733316     -3.480184
 -1.264160     -6.471579     -3.924735
 -1.277587     -6.181254     -4.350190
 -1.285203     -5.863836     -4.754702
 -1.287005     -5.520926     -5.136546
 -1.283019     -5.154232     -5.494116
 -1.273298     -4.765550     -5.825937
 -1.257919     -4.356761     -6.130669
 -1.236985     -3.929814     -6.407108
 -1.210624     -3.486718     -6.654194
 -1.178985     -3.029532     -6.871009
 -1.142239     -2.560352     -7.056776
 -1.100577     -2.081305     -7.210866
 -1.054211     -1.594538     -7.332790
 -1.003369     -1.102204     -7.422208
 -0.948296     -0.606459     -7.478918
 -0.889251     -0.109445     -7.502861
 -0.826509      0.386710     -7.494110
 -0.760354      0.879907     -7.452877
 -0.691084      1.368079     -7.379502
 -0.619003      1.849203     -7.274451
 -0.544426      2.321306     -7.138308
 -0.467674      2.782465     -6.971777
 -0.389071      3.230819     -6.775671
 -0.308947      3.664572     -6.550909
 -0.227636      4.081997     -6.298512
 -0.145474      4.481441     -6.019599
 -0.062797      4.861329     -5.715378
  0.020059      5.220168     -5.387144
  0.102759      5.556552     -5.036272
  0.184970      5.869161     -4.664211
  0.266362      6.156764     -4.272482
  0.346609      6.418221     -3.862669
  0.425389      6.652487     -3.436424
  0.502387      6.858614     -2.995454
  0.577293      7.035756     -2.541518
  0.649805      7.183165     -2.076426
  0.719629      7.300201     -1.602029
  0.786477      7.386326     -1.120218
  0.850073      7.441112     -0.632916
  0.910150      7.464237     -0.142081
  0.966451      7.455493      0.350305
  1.018733      7.414787      0.842239
  1.066762      7.342144      1.331702
  1.110320      7.237706      1.816663
  1.149203      7.101738      2.295092
  1.183224      6.934626      2.764955
  1.212210      6.736881      3.224228
  1.236008      6.509143      3.670901
  1.254481      6.252183      4.102986
  1.267514      5.966899      4.518525
  1.275012      5.654325      4.915599
  1.276901      5.315627      5.292340
  1.273134      4.952101      5.646939
  1.263684      4.565174      5.977656
  1.248551      4.156397      6.282830
  1.227761      3.727447      6.560889
  1.201366      3.280126      6.810362
  1.169446      2.816349      7.029889
  1.132109      2.338139      7.218236
  1.089492      1.847621      7.374302
  1.041757      1.347012      7.497129
  0.989096      0.838612      7.585913
  0.931729      0.324791      7.640013
  0.869903     -0.192022      7.658962
  0.803890     -0.709355      7.642470
  0.733987     -1.224705      7.590431
  0.660515     -1.735560      7.502928
  0.583815     -2.239409      7.380234
  0.504249     -2.733759      7.222810
  0.422198     -3.216148      7.031309
  0.338060     -3.684169      6.806574
  0.252243     -4.135478      6.549631
  0.165168     -4.567818      6.261685
  0.077261     -4.979025      5.944113
 -0.011045     -5.367048      5.598453
 -0.099315     -5.729959      5.226400
 -0.187115     -6.065970      4.829789
 -0.274012     -6.373436      4.410585
 -0.359581     -6.650874      3.970872
 -0.443404     -6.896962      3.512835
 -0.525073     -7.110555      3.038747
 -0.604195     -7.290681      2.550955
 -0.680391     -7.436547      2.051865
 -0.753303     -7.547542      1.543927
 -0.822590     -7.623241      1.029626
 -0.887931     -7.663403      0.511458
 -0.949029     -7.667968     -0.008079
 -1.005609     -7.637056     -0.526499
 -1.057421     -7.570966     -1.041338
 -1.104242     -7.470167     -1.550174
 -1.145876     -7.335298     -2.050634
 -1.182154     -7.167158     -2.540409
 -1.212935     -6.966701     -3.017261
 -1.238103     -6.735029     -3.479039
 -1.257574     -6.473383     -3.923682
 -1.271289     -6.183136     -4.349235
 -1.279218     -5.865777     -4.753853
 -1.281358     -5.522912     -5.135806
 -1.277734     -5.156244     -5.493488
 -1.268396     -4.767572     -5.825424
 -1.253421     -4.358774     -6.130272
 -1.232911     -3.931799     -6.406828
 -1.206991     -3.488658     -6.654028
 -1.175807     -3.031408     -6.870952
 -1.139529     -2.562149     -7.056824
 -1.098346     -2.083007     -7.211012
 -1.052466     -1.596129     -7.333031
 -1.002117     -1.103668     -7.422537
 -0.947539     -0.607778     -7.479327
 -0.888992     -0.110604     -7.503338
 -0.826744      0.385727     -7.494645
 -0.761081      0.879113     -7.453455
 -0.692296      1.367487     -7.380106
 -0.620692      1.848824     -7.275062
 -0.546582      2.321144     -7.138908
 -0.470284      2.782524     -6.972346
 -0.392123      3.231101     -6.776188
 -0.312425      3.665073     -6.551355
 -0.231524      4.082713     -6.298869
 -0.149752      4.482364     -6.019849
 -0.067445      4.862449     -5.715503
  0.015062      5.221474     -5.387129
  0.097436      5.558029     -5.036102
  0.179347      5.870792     -4.663873
  0.260465      6.158531     -4.271964
  0.340466      6.420103     -3.861963
  0.419029      6.654463     -3.435521
  0.495836      6.860662     -2.994349
  0.570579      7.037852     -2.540206
  0.642955      7.185285     -2.074905
  0.712669      7.302320     -1.600298
  0.779435      7.388418     -1.118278
  0.842977      7.443149     -0.630773
  0.903029      7.466194     -0.139741
  0.959333      7.457344      0.352833
  1.011646      7.416506      0.844944
  1.059735      7.343705      1.334569
  1.103381      7.239084      1.819679
  1.142378      7.102908      2.298236
  1.176539      6.935563      2.768207
  1.205691      6.737565      3.227564
  1.229680      6.509555      3.674295
  1.248369      6.252305      4.106409
  1.261641      5.966718      4.521947
  1.269402      5.653830      4.918990
  1.271578      5.314810      5.295668
  1.268119      4.950957      5.650169
  1.258997      4.563703      5.980754
  1.244211      4.154606      6.285764
  1.223788      3.725345      6.563629
  1.197776      3.277722      6.812880
  1.166255      2.813652      7.032160
  1.129329      2.335164      7.220233
  1.087133      1.844385      7.376000
  1.039829      1.343536      7.498506
  0.987611      0.834917      7.586950
  0.930693      0.320899      7.640696
  0.869321     -0.196091      7.659273
  0.803763     -0.713574      7.642393
  0.734314     -1.229047      7.589953
  0.661293     -1.739989      7.502039
  0.585044     -2.243889      7.378928
  0.505926     -2.738252      7.221090
  0.424318     -3.220618      7.029182
  0.340616     -3.688580      6.804050
  0.255226     -4.139799      6.546725
  0.168566     -4.572016      6.258412
  0.081060     -4.983072      5.940491
 -0.006859     -5.370916      5.594504
 -0.094759     -5.733626      5.222147
 -0.182205     -6.069413      4.825257
 -0.268768     -6.376638      4.405798
 -0.354023     -6.653817      3.965856
 -0.437555     -6.899633      3.507615
 -0.518961     -7.112941      3.033349
 -0.597849     -7.292768      2.545402
 -0.673842     -7.438321      2.046184
 -0.746580     -7.548993      1.538149
 -0.815724     -7.624363      1.023780
 -0.880954     -7.664190      0.505572
 -0.941972     -7.668415     -0.013978
 -0.998503     -7.637161     -0.532381
 -1.050299     -7.570726     -1.047175
 -1.097136     -7.469584     -1.555937
 -1.138819     -7.334376     -2.056297
 -1.175176     -7.165900     -2.545946
 -1.206065     -6.965114     -3.022646
 -1.231374     -6.733122     -3.484247
 -1.251015     -6.471168     -3.928692
 -1.264933     -6.180622     -4.354028
 -1.273096     -5.862976     -4.758410
 -1.275501     -5.519834     -5.140111
 -1.272170     -5.152900     -5.497529
 -1.263153     -4.763972     -5.829186
 -1.248523     -4.354929     -6.133742
 -1.228378     -3.927721     -6.409995
 -1.202843     -3.484357     -6.656885
 -1.172062     -3.026895     -6.873490
 -1.136202     -2.557431     -7.059036
 -1.095450     -2.078092     -7.212893
 -1.050011     -1.591022     -7.334571
 -1.000106     -1.098375     -7.423726
 -0.945977     -0.602306     -7.480152
 -0.887877     -0.104966     -7.503786
 -0.826075      0.391515     -7.494703
 -0.760854      0.885034     -7.453114
 -0.692503      1.373522     -7.379356
 -0.621328      1.854951     -7.273894
 -0.547637      2.327342     -7.137315
 -0.471751      2.788768     -6.970321
 -0.393991      3.237364     -6.773729
 -0.314687      3.671332     -6.548459
 -0.234167      4.088942     -6.295535
 -0.152764      4.488538     -6.016075
 -0.070811      4.868542     -5.711291
  0.011358      5.227458     -5.382478
  0.093411      5.563874     -5.031013
  0.175017      5.876465     -4.658352
  0.255848      6.163998     -4.266018
  0.335580      6.425332     -3.855605
  0.413894      6.659421     -3.428765
  0.490474      6.865317     -2.987209
  0.565013      7.042171     -2.532700
  0.637209      7.189237     -2.067050
  0.706766      7.305870     -1.592115
  0.773400      7.391533     -1.109792
  0.836834      7.445796     -0.622012
  0.896802      7.468342     -0.130735
  0.953047      7.458964      0.362049
  1.005325      7.417569      0.854335
  1.053404      7.344184      1.344098
  1.097065      7.238953      1.829302
  1.136103      7.102143      2.307910
  1.170329      6.934144      2.777883
  1.199571      6.735473      3.237190
  1.223672      6.506779      3.683817
  1.242497      6.248836      4.115771
  1.255929      5.962553      4.531094
  1.263872      5.648970      4.927863
  1.266252      5.309258      5.304209
  1.263018      4.944725      5.658320
  1.254142      4.556807      5.988455
  1.239622      4.147066      6.292955
  1.219481      3.717189      6.570252
  1.193768      3.268986      6.818879
  1.162562      2.804378      7.037481
  1.125966      2.325399      7.224829
  1.084113      1.834180      7.379829
  1.037164      1.332945      7.501530
  0.985308      0.823998      7.589136
  0.928759      0.309714      7.642015
  0.867764     -0.207474      7.659703
  0.802593     -0.725089      7.641919
  0.733541     -1.240624      7.588567
  0.660927     -1.751562      7.499741
  0.585090     -2.255389      7.375722
  0.506390     -2.749614      7.216986
  0.425203     -3.231780      7.024196
  0.341921     -3.699484      6.798198
  0.256949     -4.150381      6.540024
  0.170702     -4.582210      6.250887
  0.083606     -4.992807      5.932180
 -0.003912     -5.380131      5.585456
 -0.091424     -5.742269      5.212414
 -0.178500     -6.077438      4.814891
 -0.264710     -6.384000      4.394853
 -0.349632     -6.660475      3.954388
 -0.432852     -6.905549      3.495686
 -0.513967     -7.118082      3.021021
 -0.592587     -7.297107      2.532743
 -0.668336     -7.441837      2.033262
 -0.740856     -7.551673      1.525032
 -0.809808     -7.626195      1.010531
 -0.874874     -7.665167      0.492257
 -0.935756     -7.668534     -0.027291
 -0.992182     -7.636423     -0.545625
 -1.043903     -7.569140     -1.060284
 -1.090695     -7.467161     -1.568849
 -1.132363     -7.331131     -2.068949
 -1.168738     -7.161855     -2.558276
 -1.199678     -6.960297     -3.034597
 -1.225069     -6.727564     -3.495769
 -1.244827     -6.464900     -3.939742
 -1.258891     -6.173677     -4.364565
 -1.267228     -5.855384     -4.768399
 -1.269832     -5.511627     -5.149519
 -1.266725     -5.144112     -5.506322
 -1.257952     -4.754636     -5.837335
 -1.243587     -4.345080     -6.141220
 -1.223727     -3.917395     -6.416776
 -1.198492     -3.473589     -6.662944
 -1.168026     -3.015723     -6.878806
 -1.132494     -2.545894     -7.063588
 -1.092081     -2.066229     -7.216659
 -1.046990     -1.578876     -7.337531
 -0.997444     -1.085994     -7.425864
 -0.943683     -0.589739     -7.481456
 -0.885962     -0.092261     -7.504250
 -0.824547      0.404312     -7.494324
 -0.759718      0.897879     -7.451889
 -0.691766      1.386371     -7.377286
 -0.620990      1.867761     -7.270982
 -0.547699      2.340070     -7.133562
 -0.472208      2.801371     -6.965733
 -0.394837      3.249798     -6.768310
 -0.315914      3.683550     -6.542217
 -0.235766      4.100896     -6.288480
 -0.154724      4.500180     -6.008221
 -0.073122      4.879824     -5.702654
  0.008709      5.238331     -5.373077
  0.090437      5.574290     -5.020870
  0.171733      5.886377     -4.647490
  0.252270      6.173356     -4.254465
  0.331723      6.434087     -3.843390
  0.409775      6.667525     -3.415922
  0.486112      6.872722     -2.973777
  0.560426      7.048832     -2.518720
  0.632417      7.195108     -2.052568
  0.701791      7.310908     -1.577180
  0.768262      7.395698     -1.094455
  0.831554      7.449050     -0.606326
  0.891399      7.470649     -0.114759
  0.947543      7.460289      0.378256
  0.999741      7.417882      0.870708
  1.047761      7.343457      1.360571
  1.091384      7.237161      1.845806
  1.130406      7.099264      2.324370
  1.164636      6.930163      2.794221
  1.193902      6.730381      3.253326
  1.218049      6.500571      3.699667
  1.236941      6.241515      4.131253
  1.250461      5.954128      4.546123
  1.258513      5.639454      4.942354
  1.261021      5.298674      5.318076
  1.257934      4.933100      5.671479
  1.249226      4.544174      6.000823
  1.234893      4.133467      6.304449
  1.214959      3.702675      6.580789
  1.189473      3.253612      6.828381
  1.158512      2.788212      7.045873
  1.122181      2.308512      7.232040
  1.080612      1.816655      7.385792
  1.033964      1.314871      7.506187
  0.982426      0.805474      7.592439
  0.926215      0.290842      7.643925
  0.865571     -0.226590      7.660196
  0.800764     -0.744344      7.640980
  0.732085     -1.259916      7.586188
  0.659849     -1.770791      7.495920
  0.584394     -2.274455      7.370464
  0.506077     -2.768413      7.210302
  0.425274     -3.250206      7.016103
  0.342374     -3.717429      6.788727
  0.257782     -4.167741      6.529216
  0.171912     -4.598885      6.238795
  0.085187     -5.008704      5.918860
 -0.001967     -5.395160      5.570971
 -0.089120     -5.756342      5.196837
 -0.175844     -6.090476      4.798301
 -0.261713     -6.395933      4.377336
 -0.346305     -6.671238      3.936033
 -0.429210     -6.915083      3.476586
 -0.510025     -7.126333      3.001277
 -0.588362     -7.304032      2.512461
 -0.663848     -7.447405      2.012547
 -0.736125     -7.555858      1.503987
 -0.804856     -7.628979      0.989263
 -0.869725     -7.666536      0.470872
 -0.930435     -7.668486     -0.048684
 -0.986716     -7.634963     -0.566921
 -1.038318     -7.566280     -1.081380
 -1.085021     -7.462922     -1.589643
 -1.126629     -7.325541     -2.089343
 -1.162975     -7.154951     -2.578178
 -1.193915     -6.952118     -3.053923
 -1.219334     -6.718153     -3.514440
 -1.239144     -6.454301     -3.957683
 -1.253283     -6.161936     -4.381705
 -1.261716     -5.842555     -4.784667
 -1.264438     -5.497765     -5.164846
 -1.261470     -5.129277     -5.520645
 -1.252858     -4.738894     -5.850595
 -1.238675     -4.328501     -6.153361
 -1.219016     -3.900050     -6.427750
 -1.194002     -3.455554     -6.672707
 -1.163777     -2.997073     -6.887319
 -1.128504     -2.526708     -7.070819
 -1.088367     -2.046586     -7.222581
 -1.043570     -1.558854     -7.342127
 -0.994332     -1.065669     -7.429118
 -0.940891     -0.569188     -7.483359
 -0.883498     -0.071556     -7.504793
 -0.822419      0.425095     -7.493502
 -0.757930      0.918664     -7.449700
 -0.690322      1.407079     -7.373732
 -0.619893      1.888314     -7.266068
 -0.546949      2.360388     -7.127301
 -0.471805      2.821376     -6.958140
 -0.394780      3.269411     -6.759406
 -0.316200      3.702695     -6.532028
 -0.236392      4.119497     -6.277034
 -0.155684      4.518162     -5.995552
 -0.074409      4.897113     -5.688797
  0.007103      5.254854     -5.358072
  0.088522      5.589974     -5.004763
  0.169518      5.901151     -4.630330
  0.249767      6.187151     -4.236306
  0.328944      6.446837     -3.824289
  0.406732      6.679164     -3.395943
  0.482819      6.883188     -2.952986
  0.556896      7.058064     -2.497190
  0.628665      7.203052     -2.030374
  0.697832      7.317513     -1.554403
  0.764112      7.400915     -1.071176
  0.827229      7.452835     -0.582633
  0.886917      7.472961     -0.090740
  0.942919      7.461092      0.402507
  0.994993      7.417145      0.895095
  1.042905      7.341153      1.384993
  1.086438      7.233268      1.870157
  1.125385      7.093769      2.348542
  1.159560      6.923058      2.818101
  1.188788      6.721668      3.276800
  1.212916      6.490259      3.722621
  1.231806      6.229622      4.153570
  1.245342      5.940679      4.567686
  1.253428      5.624484      4.963048
  1.255990      5.282226      5.337785
  1.252977      4.915227      5.690091
  1.244360      4.524937      6.018227
  1.230136      4.112935      6.320537
  1.210328      3.680928      6.595459
  1.184985      3.230741      6.841533
  1.154185      2.764314      7.057417
  1.118032      2.283694      7.241893
  1.076658      1.791028      7.393880
  1.030222      1.288556      7.512441
  0.978913      0.778595      7.596800
  0.922946      0.263534      7.646344
  0.862563     -0.254190      7.660635
  0.798032     -0.772096      7.639413
  0.729643     -1.287679      7.582599
  0.657710     -1.798420      7.490302
  0.582570     -2.301799      7.362821
  0.504580     -2.795320      7.200651
  0.424113     -3.276522      7.004481
  0.341558     -3.743007      6.775185
  0.257315     -4.192441      6.513819
  0.171798     -4.622577      6.221612
  0.085428     -5.031263      5.899969
 -0.001368     -5.416462      5.550457
 -0.088162     -5.776266      5.174798
 -0.174529     -6.108908      4.774850
 -0.260046     -6.412771      4.352596
 -0.344296     -6.686392      3.910133
 -0.426865     -6.928476      3.449658
 -0.507353     -7.137900      2.973458
 -0.585373     -7.313718      2.483888
 -0.660554     -7.455161      1.983359
 -0.732541     -7.561646      1.474329
 -0.800999     -7.632769      0.959283
 -0.865613     -7.668314      0.440721
 -0.926089     -7.668248     -0.078858
 -0.982156     -7.632719     -0.596971
 -1.033569     -7.562048     -1.111164
 -1.080105     -7.456731     -1.619021
 -1.121572     -7.317430     -2.118183
 -1.157799     -7.144965     -2.606356
 -1.188644     -6.940306     -3.081320
 -1.213991     -6.704566     -3.540935
 -1.233750     -6.439000     -3.983155
 -1.247861     -6.144995     -4.406036
 -1.256291     -5.824056     -4.807745
 -1.259035     -5.477800     -5.186572
 -1.256115     -5.107943     -5.540927
 -1.247576     -4.716290     -5.869353
 -1.233492     -4.304727     -6.170524
 -1.213957     -3.875207     -6.443253
 -1.189091     -3.429745     -6.686490
 -1.159033     -2.970404     -6.899330
 -1.123948     -2.499288     -7.081009
 -1.084016     -2.018528     -7.230912
 -1.039439     -1.530272     -7.348565
 -0.990436     -1.036679     -7.433638
 -0.937244     -0.539905     -7.485942
 -0.880112     -0.042100     -7.505427
 -0.819305      0.454606     -7.492181
 -0.755100      0.948110     -7.446427
 -0.687784      1.436342     -7.368517
 -0.617656      1.917276     -7.258929
 -0.545020      2.388933     -7.118263
 -0.470190      2.849392     -6.947233
 -0.393483      3.296787     -6.746669
 -0.315222      3.729322     -6.517501
 -0.235733      4.145268     -6.260767
 -0.155346      4.542971     -5.977596
 -0.074389      4.920857     -5.669213
  0.006807      5.277432     -5.336926
  0.087913      5.611289     -4.982127
  0.168603      5.921107     -4.606283
  0.248550      6.205660     -4.210931
  0.327434      6.463811     -3.797676
  0.404936      6.694522     -3.368186
  0.480745      6.896853     -2.924185
  0.554552      7.069964     -2.467449
  0.626060      7.213121     -1.999804
  0.694976      7.325689     -1.523115
  0.761016      7.407142     -1.039290
  0.823906      7.457064     -0.550269
  0.883379      7.475147     -0.058026
  0.939178      7.461198      0.435443
  0.991062      7.415140      0.928117
  1.038797      7.337013      1.417961
  1.082166      7.226979      1.902929
  1.120966      7.085326      2.380970
  1.155007      6.912466      2.850039
  1.184118      6.708943      3.308098
  1.208144      6.475425      3.753130
  1.226950      6.212713      4.183141
  1.240419      5.921740      4.596170
  1.248454      5.603572      4.990297
  1.250982      5.259409      5.363655
  1.247951      4.890583      5.714437
  1.239336      4.498557      6.040910
  1.225135      4.084923      6.341427
  1.205371      3.651393      6.614430
  1.180094      3.199804      6.858467
  1.149378      2.732106      7.072201
  1.113330      2.250360      7.254423
  1.072080      1.756721      7.404065
  1.025788      1.253435      7.520203
  0.974639      0.742829      7.602069
  0.918849      0.227296      7.649065
  0.858659     -0.290718      7.660766
  0.794337     -0.808729      7.636925
  0.726175     -1.324228      7.577479
  0.654487     -1.834691      7.482552
  0.579607     -2.337601      7.352463
  0.501892     -2.830464      7.187721
  0.421716     -3.310824      6.989027
  0.339465     -3.776282      6.757268
  0.255542     -4.224506      6.493520
  0.170356     -4.653259      6.199031
  0.084325     -5.060402      5.875217
 -0.002126     -5.443907      5.523653
 -0.088570     -5.801874      5.146069
 -0.174580     -6.132542      4.744336
 -0.259735     -6.434305      4.320450
 -0.343617     -6.705718      3.876519
 -0.425820     -6.945498      3.414745
 -0.505946     -7.152534      2.937418
 -0.583610     -7.325890      2.446900
 -0.658445     -7.464812      1.945608
 -0.730096     -7.568729      1.436005
 -0.798229     -7.637256      0.920578
 -0.862531     -7.670192      0.401825
 -0.922710     -7.667518     -0.117756
 -0.978497     -7.629394     -0.635687
 -1.029645     -7.556156     -1.149515
 -1.075934     -7.448312     -1.656831
 -1.117171     -7.306532     -2.155284
 -1.153186     -7.131644     -2.642581
 -1.183839     -6.924628     -3.116508
 -1.209016     -6.686611     -3.574928
 -1.228631     -6.418857     -4.015803
 -1.242625     -6.122762     -4.437198
 -1.250965     -5.799839     -4.837290
 -1.253644     -5.451711     -5.214375
 -1.250684     -5.080102     -5.566874
 -1.242129     -4.686825     -5.893336
 -1.228052     -4.273770     -6.192449
 -1.208547     -3.842894     -6.463032
 -1.183733     -3.396214     -6.704048
 -1.153751     -2.935798     -6.914597
 -1.118761     -2.463752     -7.093926
 -1.078947     -1.982212     -7.241427
 -1.034508     -1.493329     -7.356638
 -0.985664     -0.999262     -7.439239
 -0.932649     -0.502169     -7.489050
 -0.875712     -0.004199     -7.506032
 -0.815119      0.492518     -7.490283
 -0.751143      0.985882     -7.442035
 -0.684074      1.473825     -7.361649
 -0.614205      1.954323     -7.249609
 -0.541842      2.425399     -7.106523
 -0.467295      2.885130     -6.933114
 -0.390880      3.331656     -6.730217
 -0.312919      3.763179     -6.498774
 -0.233737      4.177976     -6.239829
 -0.153660      4.574395     -5.954521
 -0.073018      4.950864     -5.644082
  0.007860      5.305895     -5.309829
  0.088647      5.638085     -4.953161
  0.169015      5.946120     -4.575552
  0.248641      6.228777     -4.178548
  0.327204      6.484928     -3.763760
  0.404387      6.713541     -3.332860
  0.479880      6.913682     -2.887577
  0.553376      7.084517     -2.429694
  0.624578      7.225315     -1.961042
  0.693193      7.335452     -1.483493
  0.758940      7.414410     -0.998960
  0.821542      7.461778     -0.509390
  0.880734      7.477258     -0.016758
  0.936263      7.460664      0.476931
  0.987884      7.411929      0.969653
  1.035368      7.331105      1.459367
  1.078497      7.218365      1.944024
  1.117070      7.074007      2.421572
  1.150897      6.898458      2.889962
  1.179807      6.692271      3.347158
  1.203647      6.456129      3.791140
  1.222281      6.190844      4.219916
  1.235593      5.897363      4.631527
  1.243489      5.576765      5.024054
  1.245894      5.230263      5.395634
  1.242758      4.859205      5.744466
  1.234055      4.465066      6.068825
  1.219782      4.049450      6.367067
  1.199965      3.614084      6.637644
  1.174653      3.160816      6.879113
  1.143924      2.691608      7.090147
  1.107882      2.208532      7.269550
  1.066662      1.713755      7.416263
  1.020423      1.209534      7.529380
  0.969353      0.698202      7.608148
  0.913668      0.182158      7.651985
  0.853607     -0.336145      7.660479
  0.789438     -0.854217      7.633402
  0.721451     -1.369541      7.570708
  0.649961     -1.879593      7.472542
  0.575304     -2.381855      7.339244
  0.497834     -2.873835      7.171343
  0.417923     -3.353085      6.969560
  0.335959     -3.817211      6.734800
  0.252341     -4.263892      6.468152
  0.167478     -4.690895      6.170878
  0.081787     -5.096085      5.844415
 -0.004307     -5.477449      5.490358
 -0.090381     -5.833102      5.110449
 -0.176011     -6.161301      4.706569
 -0.260778     -6.460453      4.280722
 -0.344267     -6.729122      3.835023
 -0.426073     -6.966041      3.371688
 -0.505801     -7.170113      2.893016
 -0.583067     -7.340420      2.401375
 -0.657503     -7.476227      1.899189
 -0.728760     -7.576982      1.388924
 -0.796504     -7.642318      0.873066
 -0.860425     -7.672051      0.354112
 -0.920231     -7.666177     -0.165444
 -0.975655     -7.624872     -0.683125
 -1.026453     -7.548486     -1.196482
 -1.072408     -7.437541     -1.703113
 -1.113325     -7.292720     -2.200667
 -1.149039     -7.114865     -2.686860
 -1.179412     -6.904971     -3.159480
 -1.204330     -6.664179     -3.616404
 -1.223708     -6.393765     -4.055602
 -1.237488     -6.095132     -4.475150
 -1.245638     -5.769805     -4.873236
 -1.248154     -5.419416     -5.248165
 -1.245057     -5.045694     -5.598368
 -1.236393     -4.650460     -5.922408
 -1.222232     -4.235610     -6.218980
 -1.202670     -3.803111     -6.486916
 -1.177825     -3.354986     -6.725190
 -1.147838     -2.893305     -6.932918
 -1.112872     -2.420177     -7.109358
 -1.073106     -1.937738     -7.253916
 -1.028742     -1.448141     -7.366139
 -0.979996     -0.953548     -7.445717
 -0.927103     -0.456119     -7.492485
 -0.870311      0.042000     -7.506416
 -0.809883      0.538679     -7.487619
 -0.746091      1.031819     -7.436336
 -0.679222      1.519356     -7.352937
 -0.609569      1.999264     -7.237917
 -0.537435      2.469568     -7.091894
 -0.463131      2.928347     -6.915602
 -0.386974      3.373743     -6.709889
 -0.309284      3.803966     -6.475708
 -0.230385      4.217294     -6.214111
 -0.150604      4.612084     -5.926248
 -0.070268      4.986769     -5.613361
  0.010294      5.339868     -5.276774
  0.090756      5.669985     -4.917894
  0.170791      5.975812     -4.538202
  0.250077      6.256134     -4.139249
  0.328295      6.509826     -3.722656
  0.405129      6.735864     -3.290104
  0.480270      6.933321     -2.843329
  0.553413      7.101374     -2.384121
  0.624261      7.239300     -1.914317
  0.692522      7.346484     -1.435797
  0.757915      7.422416     -0.950476
  0.820167      7.466696     -0.460309
  0.879012      7.479034      0.032723
  0.934199      7.459257      0.526608
  0.985485      7.407311      1.019317
  1.032642      7.323260      1.508807
  1.075452      7.207291      1.993027
  1.113715      7.059716      2.469922
  1.147244      6.880974      2.937443
  1.175867      6.671631      3.393551
  1.199432      6.432385      3.836229
  1.217804      6.164064      4.263484
  1.230869      5.867629      4.673359
  1.238531      5.544175      5.063939
  1.240719      5.194931      5.433366
  1.237384      4.821259      5.779844
  1.228500      4.424651      6.101652
  1.214066      4.006726      6.397157
  1.194106      3.569230      6.664819
  1.168674      3.114025      6.903208
  1.137846      2.643087      7.111013
  1.101730      2.158499      7.287051
  1.060458      1.662439      7.430280
  1.014193      1.157174      7.539808
  0.963123      0.645048      7.614901
  0.907464      0.128467      7.654994
  0.847458     -0.390107      7.659695
  0.783372     -0.908179      7.628797
  0.715497     -1.423228      7.562278
  0.644148     -1.932730      7.460305
  0.569658     -2.434170      7.323237
  0.492385     -2.925057      7.151626
  0.412700     -3.402946      6.946214
  0.330990     -3.865450      6.707930
  0.247654     -4.310259      6.437882
  0.163098     -4.735149      6.137352
  0.077738     -5.138000      5.807793
 -0.008007     -5.516808      5.450815
 -0.093712     -5.869701      5.068180
 -0.178956     -6.194951      4.661784
 -0.263321     -6.490981      4.233647
 -0.346393     -6.756377      3.785896
 -0.427771     -6.989887      3.320756
 -0.507060     -7.190438      2.840535
 -0.583879     -7.357130      2.347608
 -0.657863     -7.489250      1.844403
 -0.728662     -7.586265      1.333387
 -0.795947     -7.647829      0.817047
 -0.859410     -7.673775      0.297880
 -0.918762     -7.664119     -0.221621
 -0.973738     -7.619054     -0.738982
 -1.024097     -7.538949     -1.251759
 -1.069624     -7.424342     -1.757554
 -1.110129     -7.275934     -2.254022
 -1.145449     -7.094585     -2.738886
 -1.175446     -6.881305     -3.209946
 -1.200010     -6.637249     -3.665086
 -1.219058     -6.363705     -4.102290
 -1.232531     -6.062091     -4.519642
 -1.240399     -5.733942     -4.915343
 -1.242658     -5.380900     -5.287710
 -1.239330     -5.004707     -5.635187
 -1.230462     -4.607190     -5.956351
 -1.216125     -4.190255     -6.249910
 -1.196415     -3.755873     -6.514713
 -1.171449     -3.306072     -6.749746
 -1.141369     -2.842928     -6.954139
 -1.106336     -2.368555     -7.127165
 -1.066531     -1.885092     -7.268242
 -1.022154     -1.394696     -7.376934
 -0.973422     -0.899528     -7.452947
 -0.920570     -0.401745     -7.496128
 -0.863843      0.096504     -7.506462
 -0.803505      0.593091     -7.484070
 -0.739829      1.085915     -7.429208
 -0.673098      1.572912     -7.342259
 -0.603607      2.052060     -7.223736
 -0.531659      2.521387     -7.074270
 -0.457563      2.978980     -6.894608
 -0.381635      3.422985     -6.685609
 -0.304192      3.851619     -6.448237
 -0.225560      4.263166     -6.183556
 -0.146064      4.655989     -5.892727
 -0.066029      5.028530     -5.577000
  0.014216      5.379316     -5.237709
  0.094346      5.706955     -4.876270
  0.174038      6.010148     -4.494172
  0.252969      6.287686     -4.092977
  0.330821      6.538454     -3.674315
  0.407279      6.761437     -3.239873
  0.482035      6.955718     -2.791398
  0.554785      7.120483     -2.330686
  0.625233      7.255018     -1.859580
  0.693090      7.358720     -1.379969
  0.758076      7.431088     -0.893777
  0.819918      7.471735     -0.402965
  0.878354      7.480385      0.090477
  0.933132      7.456880      0.584533
  0.984011      7.401179      1.077171
  1.030763      7.313362      1.566344
  1.073173      7.193631      2.049997
  1.111042      7.042313      2.526075
  1.144183      6.859862      2.992527
  1.172428      6.646861      3.447316
  1.195623      6.404021      3.888423
  1.213635      6.132188      4.313855
  1.226350      5.832344      4.721655
  1.233675      5.505605      5.109914
  1.235540      5.153219      5.476781
  1.231899      4.776563      5.820470
  1.222728      4.377146      6.139270
  1.208029      3.956605      6.431557
  1.187828      3.516700      6.695802
  1.162178      3.059311      6.930591
  1.131160      2.586428      7.134625
  1.094879      2.100150      7.306738
  1.053471      1.602669      7.445904
  1.007098      1.096266      7.551253
  0.955951      0.583297      7.622071
  0.900246      0.066178      7.657816
  0.840226     -0.452623      7.658123
  0.776161     -0.970604      7.622806
  0.708341     -1.485244      7.551871
  0.637080     -1.994020      7.445512
  0.562715     -2.494417      7.304112
  0.485600     -2.983953      7.128247
  0.406105     -3.460186      6.918682
  0.324618     -3.920736      6.676369
  0.241536     -4.363301      6.402442
  0.157268     -4.785668      6.098208
  0.072227     -5.185736      5.765140
 -0.013166     -5.561518      5.404870
 -0.098493     -5.911160      5.019173
 -0.183333     -6.232951      4.609963
 -0.267271     -6.525336      4.179273
 -0.349897     -6.786918      3.729246
 -0.430809     -7.016473      3.262117
 -0.509615     -7.212947      2.780202
 -0.585937     -7.375467      2.285879
 -0.659411     -7.503340      1.781582
 -0.729692     -7.596054      1.269779
 -0.796454     -7.653284      0.752960
 -0.859389     -7.674886      0.233622
 -0.918215     -7.660898     -0.285744
 -0.972668     -7.611534     -0.802667
 -1.022510     -7.527183     -1.314708
 -1.067529     -7.408405     -1.819474
 -1.107537     -7.255921     -2.314631
 -1.142373     -7.070610     -2.797909
 -1.171902     -6.853499     -3.267120
 -1.196016     -6.605760     -3.720162
 -1.214633     -6.328695     -4.155030
 -1.227699     -6.023736     -4.569826
 -1.235184     -5.692429     -4.962762
 -1.237085     -5.336426     -5.332171
 -1.233426     -4.957479     -5.676512
 -1.224253     -4.557424     -5.994373
 -1.209641     -4.138177     -6.284479
 -1.189686     -3.701717     -6.545693
 -1.164508     -3.250081     -6.777018
 -1.134247     -2.785350     -6.977603
 -1.099067     -2.309640     -7.146740
 -1.059147     -1.825089     -7.283863
 -1.014688     -1.333855     -7.388550
 -0.965907     -0.838101     -7.460519
 -0.913035     -0.339987     -7.499634
 -0.856323      0.158336     -7.505895
 -0.796029      0.654742     -7.479440
 -0.732428      1.147132     -7.420542
 -0.665803      1.633446     -7.329602
 -0.596446      2.111667     -7.207145
 -0.524661      2.579830     -7.053817
 -0.450757      3.036027     -6.870378
 -0.375047      3.478412     -6.657698
 -0.297850      3.905206     -6.416755
 -0.219488      4.314700     -6.148624
 -0.140284      4.705267     -5.854478
 -0.060563      5.075355     -5.535576
  0.019350      5.423496     -5.193262
  0.099130      5.748310     -4.828962
  0.178454      6.048501     -4.444178
  0.257002      6.322871     -4.040481
  0.334456      6.570315     -3.619511
  0.410505      6.789828     -3.182966
  0.484840      6.980504     -2.732599
  0.557159      7.141537     -2.270218
  0.627167      7.272227     -1.797674
  0.694576      7.371980     -1.316865
  0.759106      7.440311     -0.829726
  0.820486      7.476847     -0.338223
  0.878455      7.481328      0.155645
  0.932763      7.453612      0.649859
  0.983170      7.393673      1.142380
  1.029450      7.301608      1.631160
  1.071389      7.177636      2.114142
  1.108789      7.022100      2.589268
  1.141465      6.835469      3.054487
  1.169248      6.618345      3.507757
  1.191989      6.371460      3.947059
  1.209556      6.095683      4.370401
  1.221840      5.792015      4.775832
  1.228749      5.461590      5.161451
  1.230215      5.105677      5.525413
  1.226190      4.725671      5.865940
  1.216654      4.323101      6.181331
  1.201608      3.899625      6.469971
  1.181082      3.457020      6.730348
  1.155131      2.997187      6.961059
  1.123838      2.522132      7.160825
  1.087312      2.033971      7.328496
  1.045690      1.534912      7.463069
  0.999138      1.027252      7.563691
  0.947847      0.513359      7.629678
  0.892035     -0.004341      7.660513
  0.831948     -0.523376      7.655856
  0.767854     -1.041238      7.615548
  0.700046     -1.555398      7.539620
  0.628841     -2.063328      7.428296
  0.554575     -2.562518      7.281992
  0.477600     -3.050490      7.101315
  0.398288     -3.524812      6.887056
  0.317024     -3.983115      6.640197
  0.234203     -4.423109      6.361895
  0.150234     -4.842598      6.053482
  0.065527     -5.239493      5.716455
 -0.019498     -5.611824      5.352467
 -0.104422     -5.957757      4.963317
 -0.188827     -6.275605      4.550938
 -0.272300     -6.563835      4.117380
 -0.354434     -6.821078      3.664799
 -0.434832     -7.046132      3.195442
 -0.513105     -7.237972      2.711631
 -0.588879     -7.395748      2.215752
 -0.661793     -7.518790      1.710242
 -0.731505     -7.606613      1.197574
 -0.797690     -7.658915      0.680239
 -0.860045     -7.675579      0.160737
 -0.918289     -7.656667     -0.358445
 -0.972161     -7.602417     -0.874839
 -1.021427     -7.513245     -1.386011
 -1.065877     -7.389733     -1.889576
 -1.105327     -7.232623     -2.383208
 -1.139617     -7.042815     -2.864649
 -1.168614     -6.821358     -3.331721
 -1.192213     -6.569444     -3.782337
 -1.210334     -6.288393     -4.214507
 -1.222926     -5.979651     -4.626349
 -1.229961     -5.644780     -5.016091
 -1.231439     -5.285446     -5.382084
 -1.227384     -4.903414     -5.722804
 -1.217849     -4.500530     -6.036861
 -1.202908     -4.078716     -6.322997
 -1.182657     -3.639959     -6.580093
 -1.157216     -3.186304     -6.807173
 -1.126724     -2.719836     -7.003402
 -1.091345     -2.242676     -7.168092
 -1.051260     -1.756968     -7.300697
 -1.006669     -1.264871     -7.400813
 -0.957790     -0.768547     -7.468182
 -0.904855     -0.270156     -7.502682
 -0.848113      0.228156     -7.504333
 -0.787825      0.724262     -7.473290
 -0.724266      1.216068     -7.409842
 -0.657719      1.701518     -7.314410
 -0.588478      2.178603     -7.187535
 -0.516843      2.645366     -7.029877
 -0.443120      3.099905     -6.842210
 -0.367622      3.540381     -6.625418
 -0.290665      3.965023     -6.380490
 -0.212568      4.372130     -6.108515
 -0.133654      4.760081     -5.810676
 -0.054246      5.127330     -5.488247
  0.025331      5.472421     -5.142587
  0.104755      5.793979     -4.775134
  0.183704      6.090724     -4.387400
  0.261859      6.361468     -3.980970
  0.338903      6.605117     -3.557492
  0.414526      6.820678     -3.118676
  0.488422      7.007259     -2.666284
  0.560288      7.164066     -2.202131
  0.629831      7.290413     -1.728079
  0.696764      7.385720     -1.246033
  0.760808      7.449518     -0.757937
  0.821693      7.481448     -0.265765
  0.879159      7.481269      0.228481
  0.932958      7.448855      0.722775
  0.982852      7.384197      1.215076
  1.028616      7.287410      1.703331
  1.070037      7.158729      2.185480
  1.106917      6.998514      2.659463
  1.139073      6.807258      3.123223
  1.166340      6.585583      3.574721
  1.188571      6.334244      4.011940
  1.205637      6.054129      4.432893
  1.217428      5.746258      4.835634
  1.223855      5.411787      5.218265
  1.224851      5.052004      5.578947
  1.220373      4.668331      5.915909
  1.210402      4.262321      6.227462
  1.194943      3.835651      6.512006
  1.174028      3.390122      6.768044
  1.147713      2.927651      6.994191
  1.116085      2.450267      7.189186
  1.079253      1.960103      7.351901
  1.037357      1.459385      7.481359
  0.990565      0.950421      7.576733
  0.939069      0.435588      7.637364
  0.883091     -0.082677      7.662761
  0.822876     -0.601892      7.652613
  0.758695     -1.119544      7.606792
  0.690843     -1.633106      7.525357
  0.619637     -2.140047      7.408561
  0.545417     -2.637856      7.256848
  0.468536     -3.124057      7.070858
  0.389366     -3.596225      6.851417
  0.308292     -4.052001      6.599534
  0.225709     -4.489109      6.316400
  0.142025     -4.905369      6.003373
  0.057649     -5.298711      5.661977
 -0.027000     -5.667187      5.293888
 -0.111508     -6.008983      4.900928
 -0.195458     -6.322434      4.485049
 -0.278439     -6.606032      4.048323
 -0.360047     -6.858435      3.592922
 -0.439887     -7.078471      3.121105
 -0.517577     -7.265139      2.635206
 -0.592747     -7.417619      2.137622
 -0.665041     -7.535270      1.630796
 -0.734120     -7.617637      1.117204
 -0.799663     -7.664448      0.599338
 -0.861369     -7.675613      0.079695
 -0.918960     -7.651221     -0.439239
 -0.972178     -7.591538     -0.955000
 -1.020792     -7.497008     -1.465161
 -1.064598     -7.368236     -1.967348
 -1.103413     -7.205989     -2.459245
 -1.137081     -7.011192     -2.938604
 -1.165474     -6.784917     -3.403262
 -1.188487     -6.528373     -3.851147
 -1.206045     -6.242903     -4.280286
 -1.218096     -5.929969     -4.688811
 -1.224616     -5.591153     -5.074970
 -1.225609     -5.228137     -5.437135
 -1.221100     -4.842694     -5.773807
 -1.211139     -4.436680     -6.083613
 -1.195801     -4.012026     -6.365313
 -1.175185     -3.570731     -6.617803
 -1.149413     -3.114853     -6.840129
 -1.118630     -2.646484     -7.031482
 -1.082998     -2.167750     -7.191193
 -1.042700     -1.680799     -7.318741
 -0.997935     -1.187792     -7.413745
 -0.948923     -0.690892     -7.475970
 -0.895896     -0.192255     -7.505318
 -0.839102      0.305979     -7.501832
 -0.778801      0.801691     -7.465684
 -0.715264      1.292793     -7.397182
 -0.648773      1.777236     -7.296759
 -0.579621      2.253015     -7.164972
 -0.508105      2.718176     -7.002497
 -0.434533      3.170822     -6.810124
 -0.359215      3.609120     -6.588757
 -0.282467      4.031306     -6.339400
 -0.204610      4.435689     -6.063159
 -0.125965      4.820658     -5.761233
 -0.046853      5.184679     -5.434911
  0.032400      5.526306     -5.085565
  0.111475      5.844179     -4.714646
  0.190050      6.137028     -4.323678
  0.267806      6.403679     -3.914259
  0.344430      6.643052     -3.488048
  0.419612      6.854168     -3.046765
  0.493047      7.036148     -2.592181
  0.564435      7.188215     -2.126124
  0.633483      7.309696     -1.650464
  0.699905      7.400029     -1.167114
  0.763423      7.458761     -0.678025
  0.823769      7.485552     -0.185179
  0.880685      7.480178      0.309413
  0.933924      7.442532      0.803724
  0.983249      7.372624      1.295706
  1.028437      7.270585      1.783303
  1.069277      7.136674      2.264448
  1.105575      6.971273      2.737079
  1.137149      6.774899      3.199139
  1.163838      6.548195      3.648592
  1.185495      6.291939      4.083424
  1.201993      6.007040      4.501652
  1.213223      5.694542      4.901333
  1.219100      5.355626      5.280576
  1.219559      4.991605      5.637550
  1.214559      4.603925      5.970497
  1.204084      4.194161      6.277740
  1.188140      3.764016      6.557695
  1.166764      3.315311      6.808882
  1.140013      2.849986      7.029935
  1.107977      2.370091      7.219614
  1.070770      1.877775      7.376817
  1.028532      1.375284      7.500586
  0.981435      0.864941      7.590126
  0.929674      0.349140      7.644804
  0.873473     -0.169669      7.664162
  0.813078     -0.688997      7.647922
  0.748764     -1.206324      7.595988
  0.680827     -1.719117      7.508459
  0.609584     -2.224852      7.385622
  0.535374     -2.721022      7.227957
  0.458552     -3.205159      7.036133
  0.379489     -3.674847      6.811010
  0.298571     -4.127740      6.553629
  0.216192     -4.561574      6.265210
  0.132759     -4.974186      5.947145
  0.048682     -5.363526      5.600984
 -0.035623     -5.727669      5.228433
 -0.119739     -6.064828      4.831337
 -0.203252     -6.373366      4.411668
 -0.285756     -6.651803      3.971513
 -0.366848     -6.898820      3.513059
 -0.446136     -7.113269      3.038585
 -0.523241     -7.294182      2.550445
 -0.597796     -7.440774      2.051046
 -0.669449     -7.552441      1.542839
 -0.737866     -7.628761      1.028298
 -0.802730     -7.669491      0.509917
 -0.863744     -7.674570     -0.009810
 -0.920633     -7.644120     -0.528397
 -0.973146     -7.578440     -1.043387
 -1.021054     -7.477998     -1.552365
 -1.064155     -7.343430     -2.052964
 -1.102270     -7.175530     -2.542880
 -1.135250     -6.975248     -3.019880
 -1.162966     -6.743678     -3.481818
 -1.185320     -6.482053     -3.926637
 -1.202236     -6.191735     -4.352381
 -1.213666     -5.874209     -4.757200
 -1.219588     -5.531074     -5.139364
 -1.220007     -5.164028     -5.497268
 -1.214953     -4.774858     -5.829430
 -1.204480     -4.365433     -6.134500
 -1.188662     -3.937698     -6.411262
 -1.167602     -3.493663     -6.658639
 -1.141422     -3.035389     -6.875700
 -1.110269     -2.564976     -7.061660
 -1.074307     -2.084552     -7.215873
 -1.033719     -1.596268     -7.337840
 -0.988704     -1.102288     -7.427203
 -0.939480     -0.604776     -7.483748
 -0.886279     -0.105889     -7.507402
 -0.829350      0.392234     -7.498229
 -0.768952      0.887477     -7.456426
 -0.705356      1.377758     -7.382320
 -0.638847      1.861032     -7.276364
 -0.569714      2.335299     -7.139139
 -0.498258      2.798613     -6.971339
 -0.424784      3.249089     -6.773776
 -0.349602      3.684903     -6.547369
 -0.273027      4.104302     -6.293141
 -0.195379      4.505608     -6.012213
 -0.116976      4.887217     -5.705799
 -0.038143      5.247610     -5.375203
  0.040801      5.585350     -5.021813
  0.119533      5.899090     -4.647096
  0.197735      6.187577     -4.252591
  0.275089      6.449649     -3.839908
  0.351285      6.684242     -3.410719
  0.426011      6.890394     -2.966753
  0.498965      7.067240     -2.509797
  0.569848      7.214021     -2.041686
  0.638368      7.330082     -1.564300
  0.704241      7.414877     -1.079562
  0.767191      7.467972     -0.589434
  0.826951      7.489047     -0.095904
  0.883265      7.477899      0.399011
  0.935886      7.434440      0.893275
  0.984580      7.358702      1.384838
  1.029127      7.250839      1.871634
  1.069317      7.111134      2.351594
  1.104958      6.939995      2.822656
  1.135873      6.737962      3.282765
  1.161899      6.505704      3.729885
  1.182893      6.244020      4.162003
  1.198731      5.953848      4.577141
  1.209307      5.636259      4.973361
  1.214537      5.292461      5.348780
  1.214361      4.923795      5.701580
  1.208741      4.531732      6.030013
  1.197662      4.117875      6.332418
  1.181137      3.683951      6.607228
  1.159201      3.231808      6.852983
  1.131918      2.763411      7.068339
  1.099381      2.280832      7.252082
  1.061706      1.786241      7.403139
  1.019038      1.281897      7.520583
  0.971551      0.770142      7.603646
  0.919443      0.253381      7.651728
  0.862940     -0.265925      7.664403
  0.802294     -0.785273      7.641429
  0.737778     -1.302138      7.582749
  0.669691     -1.813988      7.488497
  0.598353     -2.318296      7.359000
  0.524103     -2.812561      7.194775
  0.447297     -3.294322      6.996530
  0.368307     -3.761172      6.765159
  0.287519     -4.210778      6.501743
  0.205329     -4.640896      6.207538
  0.122142     -5.049383      5.883968
  0.038365     -5.434215      5.532618
 -0.045587     -5.793494      5.155216
 -0.129302     -6.125460      4.753634
 -0.212370     -6.428502      4.329864
 -0.294385     -6.701168      3.886018
 -0.374946     -6.942173      3.424304
 -0.453663     -7.150405      2.947017
 -0.530157     -7.324933      2.456520
 -0.604065     -7.465007      1.955229
 -0.675039     -7.570057      1.445600
 -0.742750     -7.639693      0.930112
 -0.806886     -7.673710      0.411260
 -0.867155     -7.672082     -0.108461
 -0.923286     -7.634964     -0.626573
 -0.975030     -7.562687     -1.140627
 -1.022165     -7.455751     -1.648215
 -1.064491     -7.314823     -2.146982
 -1.101833     -7.140725     -2.634641
 -1.134043     -6.934434     -3.108973
 -1.160997     -6.697069     -3.567849
 -1.182601     -6.429887     -4.009226
 -1.198784     -6.134276     -4.431169
 -1.209503     -5.811744     -4.831853
 -1.214739     -5.463903     -5.209573
 -1.214497     -5.092466     -5.562740
 -1.208808     -4.699239     -5.889895
 -1.197727     -4.286111     -6.189709
 -1.181337     -3.855043     -6.460997
 -1.159740     -3.408051     -6.702711
 -1.133062     -2.947200     -6.913947
 -1.101448     -2.474598     -7.093940
 -1.065063     -1.992379     -7.242072
 -1.024093     -1.502699     -7.357868
 -0.978739     -1.007723     -7.440999
 -0.929220     -0.509616     -7.491275
 -0.875770     -0.010532     -7.508647
 -0.818638      0.487389     -7.493204
 -0.758083      0.982036     -7.445168
 -0.694379      1.471333     -7.364889
 -0.627807      1.953240     -7.252847
 -0.558657      2.425767     -7.109640
 -0.487227      2.886977     -6.935986
 -0.413821      3.334992     -6.732718
 -0.338750      3.767998     -6.500773
 -0.262327      4.184252     -6.241194
 -0.184872      4.582087     -5.955123
 -0.106703      4.959913     -5.643796
 -0.028142      5.316226     -5.308533
  0.050491      5.649606     -4.950736
  0.128877      5.958721     -4.571887
  0.206696      6.242331     -4.173542
  0.283633      6.499291     -3.757322
  0.359377      6.728556     -3.324914
  0.433620      6.929179     -2.878061
  0.506061      7.100313     -2.418561
  0.576402      7.241218     -1.948261
  0.644353      7.351257     -1.469055
  0.709632      7.429907     -0.982875
  0.771963      7.476755     -0.491691
  0.831082      7.491503      0.002499
  0.886734      7.473969      0.497673
  0.938675      7.424088      0.991787
  0.986672      7.341917      1.482781
  1.030506      7.227638      1.968587
  1.069972      7.081560      2.447135
  1.104880      6.904119      2.916362
  1.135053      6.695878      3.374214
  1.160333      6.457534      3.818656
  1.180579      6.189917      4.247679
  1.195669      5.893994      4.659308
  1.205503      5.570865      5.051616
  1.209999      5.221767      5.422730
  1.209100      4.848069      5.770844
  1.202770      4.451272      6.094225
  1.191001      4.033006      6.391228
  1.173805      3.595028      6.660306
  1.151225      3.139214      6.900022
  1.123326      2.667553      7.109058
  1.090205      2.182139      7.286229
  1.051981      1.685166      7.430488
  1.008803      1.178915      7.540943
  0.960847      0.665743      7.616862
  0.908315      0.148070      7.657682
  0.851436     -0.371632      7.663015
  0.790465     -0.890854      7.632657
  0.725680     -1.407065      7.566594
  0.657382     -1.917732      7.464999
  0.585892     -2.420332      7.328240
  0.511550     -2.912370      7.156874
  0.434715     -3.391391      6.951649
  0.355760     -3.855002      6.713502
  0.275072     -4.300885      6.443553
  0.193047     -4.726817      6.143097
  0.110086     -5.130683      5.813592
  0.026598     -5.510481      5.456652
 -0.057007     -5.864341      5.074038
 -0.140317     -6.190532      4.667649
 -0.222921     -6.487477      4.239509
 -0.304416     -6.753760      3.791748
 -0.384405     -6.988136      3.326592
 -0.462501     -7.189529      2.846348
 -0.538332     -7.357044      2.353391
 -0.611539     -7.489966      1.850146
 -0.681777     -7.587764      1.339077
 -0.748720     -7.650086      0.822669
 -0.812062     -7.676766      0.303416
 -0.871513     -7.667817     -0.216190
 -0.926809     -7.623429     -0.733678
 -0.977705     -7.543968     -1.246607
 -1.023983     -7.429966     -1.752582
 -1.065447     -7.282122     -2.249258
 -1.101926     -7.101290     -2.734359
 -1.133275     -6.888477     -3.205685
 -1.159378     -6.644833     -3.661123
 -1.180141     -6.371643     -4.098658
 -1.195499     -6.070316     -4.516376
 -1.205409     -5.742378     -4.912475
 -1.209858     -5.389464     -5.285267
 -1.208856     -5.013309     -5.633190
 -1.202438     -4.615740     -5.954810
 -1.190663     -4.198661     -6.248832
 -1.173614     -3.764041     -6.514098
 -1.151396     -3.313907     -6.749588
 -1.124135     -2.850334     -6.954423
 -1.091981     -2.375437     -7.127869
 -1.055101     -1.891357     -7.269337
 -1.013681     -1.400250     -7.378380
 -0.967924     -0.904283     -7.454696
 -0.918049     -0.405622     -7.498121
 -0.864292      0.093579     -7.508635
 -0.806900      0.591184     -7.486352
 -0.746134      1.085085     -7.431521
 -0.682266      1.573210     -7.344519
 -0.615579      2.053527     -7.225851
 -0.546362      2.524055     -7.076140
 -0.474915      2.982866     -6.896129
 -0.401542      3.428093     -6.686672
 -0.326554      3.857934     -6.448730
 -0.250264      4.270661     -6.183368
 -0.172990      4.664619     -5.891747
 -0.095050      5.038237     -5.575121
 -0.016763      5.390022     -5.234828
  0.061552      5.718571     -4.872289
  0.139576      6.022567     -4.489003
  0.216993      6.300788     -4.086541
  0.293487      6.552108     -3.666543
  0.368750      6.775498     -3.230709
  0.442476      6.970032     -2.780797
  0.514363      7.134884     -2.318619
  0.584116      7.269334     -1.846034
  0.651447      7.372769     -1.364947
  0.716075      7.444688     -0.877301
  0.777728      7.484700     -0.385076
  0.836143      7.492533      0.109724
  0.891066      7.468026      0.605066
  0.942255      7.411143      1.098897
  0.989481      7.321970      1.589153
  1.032527      7.200716      2.073764
  1.071189      7.047718      2.550658
  1.105279      6.863440      3.017770
  1.134623      6.648476      3.473048
  1.159067      6.403553      3.914457
  1.178472      6.129535      4.339994
  1.192722      5.827419      4.747694
  1.201719      5.498336      5.135641
  1.205384      5.143553      5.501972
  1.203665      4.764470      5.844895
  1.196529      4.362619      6.162693
  1.183971      3.939663      6.453742
  1.166009      3.497385      6.716517
  1.142688      3.037690      6.949606
  1.114081      2.562593      7.151716
  1.080285      2.074216      7.321691
  1.041426      1.574778      7.458518
  0.997657      1.066584      7.561340
  0.949159      0.552010      7.629466
  0.896139      0.033489      7.662376
  0.838826     -0.486497      7.659726
  0.777480     -1.005435      7.621353
  0.712380     -1.520790      7.547286
  0.643830     -2.030028      7.437741
  0.572154     -2.530627      7.293132
  0.497695     -3.020100      7.114061
  0.420812     -3.496005      6.901323
  0.341880     -3.955965      6.655896
  0.261283     -4.397686      6.378940
  0.179419     -4.818965      6.071787
  0.096689     -5.217709      5.735932
  0.013502     -5.591946      5.373027
 -0.069734     -5.939838      4.984865
 -0.152608     -6.259689      4.573372
 -0.234716     -6.549956      4.140595
 -0.315658     -6.809260      3.688692
 -0.395041     -7.036392      3.219908
 -0.472481     -7.230319      2.736570
 -0.547609     -7.390187      2.241065
 -0.620068     -7.515323      1.735826
 -0.689518     -7.605238      1.223322
 -0.755637     -7.659621      0.706039
 -0.818121     -7.678346      0.186473
 -0.876689     -7.661466     -0.332891
 -0.931077     -7.609210     -0.849590
 -0.981050     -7.521980     -1.361190
 -1.026391     -7.400345     -1.865307
 -1.066912     -7.245038     -2.359611
 -1.102446     -7.056947     -2.841841
 -1.132854     -6.837112     -3.309815
 -1.158022     -6.586711     -3.761442
 -1.177861     -6.307059     -4.194724
 -1.192309     -5.999591     -4.607773
 -1.201329     -5.665862     -4.998811
 -1.204911     -5.307528     -5.366180
 -1.203069     -4.926345     -5.708348
 -1.195840     -4.524154     -6.023910
 -1.183288     -4.102874     -6.311600
 -1.165499     -3.664489     -6.570285
 -1.142580     -3.211040     -6.798979
 -1.114662     -2.744612     -6.996834
 -1.081895     -2.267325     -7.163148
 -1.044446     -1.781324     -7.297360
 -1.002504     -1.288773     -7.399056
 -0.956275     -0.791839     -7.467961
 -0.905980     -0.292688     -7.503946
 -0.851854      0.206529     -7.507018
 -0.794147      0.703678     -7.477320
 -0.733121      1.196658     -7.415131
 -0.669048      1.683401     -7.320855
 -0.602210      2.161884     -7.195026
 -0.532899      2.630136     -7.038293


