2014	1	160	155	3	5	7	7	22	15	15	15
2014	2	161	155	18	32	18	9	12	18	32	9
2014	3	182	155	7	6	7	7	15	12	12	4
2014	4	262	156	3	3	4	7	9	7	7	5
2014	5	218	156	2	4	5	3	4	3	0	2
2014	6	204	157	0	2	4	2	3	3	5	5
2014	7	237	157	2	6	0	3	3	18	9	12
2014	8	195	157	15	18	4	4	3	3	4	5
2014	9	184	158	15	12	5	6	4	4	12	6
2014	10	175	158	7	6	3	3	4	6	3	2
2014	11	166	158	0	0	0	2	3	3	9	6
2014	12	155	159	4	3	4	4	5	4	12	18
2014	13	143	159	7	15	7	4	4	3	0	4
2014	14	137	159	18	12	6	4	18	9	5	12
2014	15	126	160	6	3	4	3	2	4	2	2
2014	16	121	160	0	0	4	3	2	2	0	2
2014	17	129	160	0	0	2	0	4	3	2	6
2014	18	130	160	3	0	0	0	2	0	4	0
2014	19	128	160	0	0	0	0	2	2	0	0
2014	20	137	160	0	0	3	2	2	3	3	2
2014	21	146	160	12	4	6	6	9	12	7	6
2014	22	143	160	7	7	12	18	9	6	6	12
2014	23	136	160	9	6	7	5	3	5	7	6
2014	24	136	160	15	6	0	2	3	2	0	2
2014	25	133	160	9	6	4	2	4	6	6	15
2014	26	138	160	12	12	6	4	0	6	5	5
2014	27	144	159	3	3	2	2	3	4	3	6
2014	28	157	159	0	0	3	3	3	6	7	9
2014	29	156	159	7	7	7	6	4	7	5	5
2014	30	161	159	7	9	3	2	0	0	2	0
2014	31	166	160	0	0	0	3	2	0	0	2
2014	32	177	160	0	0	2	2	3	4	5	12
2014	33	190	160	3	7	4	0	3	2	3	3
2014	34	188	160	7	9	6	5	5	5	3	5
2014	35	188	160	6	5	3	3	3	3	3	4
2014	36	194	160	3	3	2	0	7	3	4	5
2014	37	191	160	7	15	6	7	9	7	4	5
2014	38	178	160	2	0	4	4	5	9	12	27
2014	39	172	161	39	39	27	7	9	7	22	32
2014	40	169	161	22	15	15	3	15	12	27	18
2014	41	161	161	15	9	5	7	3	5	22	18
2014	42	172	161	7	6	6	2	2	0	5	12
2014	43	160	161	15	15	5	4	5	6	4	4
2014	44	167	160	0	0	2	3	0	0	0	0
2014	45	167	159	0	2	3	4	6	3	0	2
2014	46	162	158	2	0	0	0	15	12	12	32
2014	47	154	157	48	15	9	7	18	18	22	15
2014	48	152	156	6	2	2	3	2	3	6	9
2014	49	151	156	4	0	6	5	4	9	12	9
2014	50	158	155	32	80	94	48	67	9	7	9
2014	51	156	155	5	80	80	48	39	22	7	15
2014	52	157	155	15	7	7	9	12	9	6	15
2014	53	163	155	32	18	9	9	7	12	6	6
2014	54	172	155	7	7	18	12	18	27	32	22
2014	55	171	155	4	4	5	7	7	6	6	2
2014	56	174	155	3	0	0	3	4	3	2	7
2014	57	178	156	6	0	2	2	0	2	2	3
2014	58	176	156	3	4	2	3	12	27	56	56
2014	59	171	156	27	12	18	12	5	7	5	3
2014	60	165	156	6	4	6	6	5	3	6	12
2014	61	161	156	18	5	2	2	2	2	0	2
2014	62	161	156	9	6	7	4	7	3	2	5
2014	63	158	156	7	4	2	7	9	7	4	9
2014	64	149	156	5	3	5	6	7	7	7	7
2014	65	149	156	3	0	3	4	7	6	12	5
2014	66	148	157	2	0	2	0	4	3	3	3
2014	67	142	157	3	2	3	3	3	3	0	3
2014	68	146	157	3	0	2	2	0	2	3	3
2014	69	152	158	2	2	3	7	4	3	4	3
2014	70	165	158	0	2	3	3	3	4	3	3
2014	71	148	158	6	3	2	3	3	5	5	12
2014	72	148	157	27	22	15	6	7	4	5	3
2014	73	144	157	4	7	7	4	6	6	3	3
2014	74	139	156	7	3	3	2	0	2	5	4
2014	75	136	155	0	2	3	2	0	2	0	0
2014	76	136	155	0	0	2	2	2	2	2	5
2014	77	138	154	3	6	6	4	6	6	6	3
2014	78	149	153	6	3	6	3	3	3	2	3
2014	79	151	152	3	6	6	9	4	3	4	4
2014	80	153	151	9	9	9	9	9	15	5	5
2014	81	155	151	6	2	3	5	7	4	3	4
2014	82	157	151	4	6	6	4	6	5	7	6
2014	83	159	150	6	0	3	4	4	5	3	0
2014	84	153	150	2	2	2	6	6	5	15	18
2014	85	153	149	22	5	22	5	3	3	6	4
2014	86	145	149	4	4	5	6	7	6	6	2
2014	87	146	149	3	3	5	5	7	5	9	15
2014	88	143	149	15	9	3	5	3	4	4	12
2014	89	148	149	7	3	4	4	3	4	4	3
2014	90	152	149	0	3	4	5	9	12	9	2
2014	91	153	149	2	2	3	2	7	9	4	9
2014	92	155	149	2	0	0	3	5	5	5	5
2014	93	153	149	3	6	4	6	7	5	5	5
2014	94	157	149	2	4	5	5	6	9	5	2
2014	95	142	149	4	3	5	22	22	15	9	15
2014	96	141	148	7	0	0	2	2	3	0	4
2014	97	140	148	12	6	7	3	15	27	6	6
2014	98	132	147	7	3	0	4	7	4	3	0
2014	99	131	147	0	2	5	5	6	5	5	3
2014	100	137	146	0	0	2	2	3	2	3	2
2014	101	138	145	0	4	7	4	4	7	6	22
2014	102	136	145	39	32	32	12	15	6	12	9
2014	103	137	144	22	27	18	15	6	7	15	9
2014	104	150	144	6	6	15	4	0	4	9	6
2014	105	162	143	5	9	5	3	3	3	5	4
2014	106	184	143	0	0	3	4	5	2	3	7
2014	107	179	142	15	12	6	5	12	22	9	4
2014	108	172	142	6	6	3	5	7	5	6	12
2014	109	169	141	22	18	9	12	12	15	15	5
2014	110	163	141	15	7	4	22	48	27	32	22
2014	111	159	140	27	27	18	22	12	27	6	4
2014	112	145	139	4	6	3	3	2	5	2	3
2014	113	136	139	3	4	4	6	5	6	7	7
2014	114	130	138	18	6	12	7	9	12	12	12
2014	115	125	138	18	12	3	5	7	7	7	5
2014	116	121	138	3	9	5	3	4	4	4	6
2014	117	118	138	4	2	0	0	4	3	3	6
2014	118	121	138	5	9	5	5	3	3	2	5
2014	119	120	138	3	2	0	2	3	2	3	18
2014	120	124	138	12	18	18	12	27	15	18	4
2014	121	126	138	7	9	5	3	3	3	4	2
2014	122	135	138	3	6	2	2	2	0	0	0
2014	123	133	138	0	2	0	2	0	7	12	15
2014	124	132	138	12	32	22	7	15	9	5	5
2014	125	139	138	4	15	9	7	9	9	9	6
2014	126	139	138	2	3	3	3	2	2	0	0
2014	127	146	137	0	0	0	3	4	2	3	7
2014	128	148	137	9	18	18	39	12	22	15	27
2014	129	152	137	15	6	15	7	2	2	2	3
2014	130	160	136	6	15	5	4	3	3	12	12
2014	131	164	136	22	15	6	12	5	6	7	9
2014	132	163	135	6	7	7	9	7	5	6	5
2014	133	159	134	2	3	4	4	3	2	3	3
2014	134	163	133	5	4	2	2	7	6	3	5
2014	135	152	133	3	4	3	4	3	5	6	4
2014	136	139	132	5	5	2	2	6	7	6	0
2014	137	134	132	5	3	2	3	2	2	2	2
2014	138	128	131	4	5	3	3	5	6	3	4
2014	139	122	131	2	4	3	2	4	5	3	6
2014	140	117	131	2	4	4	5	5	4	2	0
2014	141	114	131	2	0	0	2	2	2	2	2
2014	142	111	131	4	4	3	3	7	18	9	18
2014	143	116	132	15	6	5	2	4	22	27	56
2014	144	125	132	6	5	6	2	5	4	3	4
2014	145	113	133	5	5	3	2	2	5	2	0
2014	146	108	133	4	3	4	3	2	2	2	2
2014	147	106	133	0	0	2	3	4	4	6	4
2014	148	99	133	5	5	2	3	3	4	3	4
2014	149	103	134	2	3	3	12	7	7	7	4
2014	150	102	134	0	5	5	9	9	12	32	5
2014	151	104	134	4	4	2	2	2	2	3	0
2014	152	103	134	3	0	3	4	2	3	2	3
2014	153	105	134	2	3	2	2	2	3	5	9
2014	154	107	134	18	7	3	4	3	5	5	3
2014	155	105	134	5	5	5	4	4	5	4	7
2014	156	111	134	6	4	5	9	5	4	9	12
2014	157	133	133	7	5	2	0	2	6	6	6
2014	158	137	133	5	5	7	5	6	27	22	27
2014	159	149	133	15	67	94	48	39	27	12	6
2014	160	161	132	2	3	7	6	3	3	9	3
2014	161	166	132	3	4	5	7	9	7	7	7
2014	162	168	131	6	6	4	9	7	7	5	4
2014	163	175	131	3	5	2	2	2	3	3	3
2014	164	153	130	4	2	3	3	6	5	5	5
2014	165	144	130	7	7	12	5	4	5	7	4
2014	166	130	130	4	2	4	4	4	3	2	3
2014	167	117	129	3	5	4	3	7	6	4	4
2014	168	114	129	7	5	9	4	5	4	9	18
2014	169	111	129	15	7	9	7	6	18	27	39
2014	170	111	129	12	15	12	5	5	6	7	7
2014	171	102	129	5	4	9	7	12	15	5	7
2014	172	101	128	6	7	7	6	3	3	0	3
2014	173	94	129	2	4	3	2	3	3	4	5
2014	174	93	128	2	2	2	2	2	2	2	15
2014	175	94	128	9	12	6	3	2	3	6	3
2014	176	97	128	3	3	5	4	4	6	4	7
2014	177	100	128	2	2	3	5	9	4	3	0
2014	178	104	128	4	2	0	2	3	3	5	3
2014	179	115	128	4	5	3	4	12	9	4	3
2014	180	126	128	12	5	4	3	3	2	6	15
2014	181	141	128	15	4	3	2	3	5	4	3
2014	182	152	128	3	5	3	2	2	3	2	2
2014	183	169	128	0	4	5	4	4	6	3	3
2014	184	178	128	7	7	7	7	6	3	2	2
2014	185	188	128	5	4	5	5	6	2	2	3
2014	186	193	128	0	0	2	2	2	3	7	5
2014	187	201	128	3	2	2	5	3	3	3	5
2014	188	198	128	7	3	3	5	7	7	6	3
2014	189	201	128	5	4	4	4	9	6	6	6
2014	190	198	128	6	5	6	4	4	6	12	12
2014	191	177	128	15	9	6	4	5	6	5	5
2014	192	166	128	4	3	5	5	5	6	7	5
2014	193	145	129	5	7	7	6	9	4	2	0
2014	194	127	129	5	5	3	6	3	3	3	7
2014	195	109	129	3	2	4	5	18	15	12	9
2014	196	101	130	6	6	7	9	9	5	4	5
2014	197	92	130	3	4	5	2	5	4	5	3
2014	198	89	130	2	4	4	2	3	3	6	4
2014	199	89	130	3	3	3	3	2	0	0	2
2014	200	86	130	0	2	2	4	2	0	0	0
2014	201	87	129	3	2	2	0	5	3	0	3
2014	202	90	128	2	0	0	2	5	5	6	6
2014	203	93	128	9	3	3	3	5	4	2	6
2014	204	99	127	2	2	2	2	2	4	12	9
2014	205	104	127	3	4	5	7	7	4	4	3
2014	206	107	127	12	5	7	5	4	3	3	2
2014	207	117	127	5	6	6	6	6	7	7	3
2014	208	121	128	6	5	5	4	3	3	4	4
2014	209	132	128	6	9	15	6	7	15	7	5
2014	210	142	129	3	5	2	2	3	4	4	2
2014	211	152	129	9	4	2	2	3	3	2	2
2014	212	156	130	4	4	4	4	4	5	6	7
2014	213	168	131	7	5	3	6	7	6	15	18
2014	214	156	132	9	5	6	9	18	15	5	6
2014	215	152	132	3	15	3	5	2	4	7	7
2014	216	139	133	9	15	12	7	6	6	15	18
2014	217	139	134	9	7	12	6	12	7	12	6
2014	218	137	134	7	12	6	6	5	5	4	3
2014	219	136	134	5	4	4	4	5	4	6	5
2014	220	123	135	15	18	6	7	6	3	3	2
2014	221	113	135	2	3	5	3	3	2	3	2
2014	222	108	134	3	2	4	5	7	7	22	7
2014	223	105	134	4	4	4	3	5	7	5	18
2014	224	104	133	12	5	4	4	5	12	32	22
2014	225	103	133	7	7	5	5	6	3	5	4
2014	226	103	132	3	3	2	3	3	4	3	7
2014	227	113	132	4	3	2	3	5	5	3	5
2014	228	112	131	2	2	0	2	0	0	2	3
2014	229	115	131	5	3	2	7	12	7	3	4
2014	230	111	131	3	5	7	0	3	5	5	4
2014	231	111	130	3	3	7	12	6	12	22	56
2014	232	118	130	9	3	5	5	5	4	6	6
2014	233	128	130	15	15	6	7	7	5	12	6
2014	234	126	130	4	7	2	0	3	2	0	3
2014	235	132	131	3	7	4	3	2	5	4	3
2014	236	141	131	3	2	3	3	5	0	0	0
2014	237	152	131	0	2	0	3	3	3	3	3
2014	238	128	132	2	2	0	5	3	4	4	4
2014	239	123	132	3	9	18	22	22	32	27	18
2014	240	119	133	18	39	27	15	9	22	12	9
2014	241	120	133	18	22	15	27	12	9	15	22
2014	242	123	134	22	22	6	18	18	6	12	6
2014	243	125	134	7	6	9	22	12	6	27	22
2014	244	127	134	15	9	9	9	12	7	7	12
2014	245	136	134	7	9	7	6	12	7	7	15
2014	246	138	134	12	18	12	6	5	5	5	7
2014	247	146	135	12	7	5	7	6	3	3	5
2014	248	144	135	5	5	6	6	6	7	6	12
2014	249	157	135	4	9	12	5	6	18	9	12
2014	250	160	135	15	15	9	3	3	3	3	2
2014	251	164	135	0	5	6	3	4	5	6	7
2014	252	159	136	7	6	5	6	6	6	9	9
2014	253	175	136	9	0	3	4	3	7	9	15
2014	254	151	136	12	22	9	9	6	4	5	18
2014	255	152	137	56	32	7	15	6	48	39	94
2014	256	145	138	22	12	27	5	7	7	9	5
2014	257	139	139	2	2	3	2	3	3	0	0
2014	258	133	140	0	2	4	2	3	2	2	3
2014	259	133	141	6	9	7	5	4	5	7	12
2014	260	133	142	7	3	0	2	3	6	7	7
2014	261	120	142	7	4	3	3	4	5	12	12
2014	262	122	143	22	39	18	18	18	22	15	9
2014	263	119	143	7	7	4	5	9	4	2	4
2014	264	124	143	5	15	5	4	4	4	6	4
2014	265	136	143	4	9	7	6	12	7	7	6
2014	266	138	144	12	7	7	7	12	15	12	9
2014	267	145	144	22	22	12	27	22	18	15	27
2014	268	159	144	22	9	9	12	7	6	9	15
2014	269	172	144	15	18	12	12	27	18	7	15
2014	270	180	145	32	27	18	9	9	9	7	4
2014	271	182	145	6	5	5	9	9	7	9	4
2014	272	175	145	7	6	5	9	7	5	22	12
2014	273	162	146	12	27	9	18	9	7	9	9
2014	274	155	146	27	9	12	9	6	9	6	7
2014	275	149	146	7	9	6	5	6	7	5	9
2014	276	137	146	9	2	4	2	2	4	3	2
2014	277	128	146	5	6	7	4	3	2	4	6
2014	278	128	146	6	6	5	3	6	6	5	4
2014	279	130	147	12	7	2	3	3	2	4	12
2014	280	125	147	7	15	2	2	3	3	2	4
2014	281	126	148	4	5	5	15	7	6	7	12
2014	282	119	148	18	27	22	9	7	6	7	7
2014	283	121	149	12	18	5	2	3	4	5	6
2014	284	112	150	6	12	12	9	15	5	3	2
2014	285	111	150	0	0	2	4	5	3	5	3
2014	286	113	150	4	2	5	0	4	7	12	12
2014	287	120	151	3	4	3	6	18	32	32	48
2014	288	126	151	27	15	7	5	6	4	2	3
2014	289	139	151	6	4	3	6	6	6	6	15
2014	290	146	152	5	12	3	6	5	4	5	15
2014	291	160	152	18	15	9	9	15	27	9	15
2014	292	173	152	15	18	9	7	6	3	9	5
2014	293	185	152	15	15	27	22	18	48	27	22
2014	294	199	152	15	9	15	15	18	15	22	9
2014	295	216	153	22	15	12	9	12	22	9	6
2014	296	227	153	5	7	7	7	9	6	18	7
2014	297	218	153	15	3	6	7	7	22	7	6
2014	298	219	153	15	9	6	6	7	15	7	4
2014	299	217	153	15	12	15	15	9	7	7	4
2014	300	188	153	12	9	7	12	7	12	7	27
2014	301	167	153	22	12	9	15	12	12	9	4
2014	302	150	153	18	9	7	6	4	7	6	0
2014	303	140	153	2	3	3	5	3	4	5	7
2014	304	121	154	3	7	5	5	7	3	9	5
2014	305	120	154	3	4	12	9	12	7	4	2
2014	306	124	154	7	4	2	4	15	18	9	3
2014	307	125	155	7	6	4	5	3	2	2	5
2014	308	129	155	5	4	9	22	27	18	39	39
2014	309	135	155	18	18	15	22	9	6	7	12
2014	310	136	155	5	7	7	6	9	4	4	15
2014	311	146	155	15	15	6	12	7	9	9	18
2014	312	132	156	6	4	7	7	9	7	4	15
2014	313	132	156	12	9	6	4	6	9	12	12
2014	314	136	157	27	15	12	32	22	32	15	9
2014	315	142	157	9	9	6	9	7	5	6	39
2014	316	153	158	22	9	7	4	3	4	4	7
2014	317	154	158	5	6	3	6	4	3	3	3
2014	318	155	158	15	15	12	4	9	7	18	15
2014	319	161	159	12	18	15	18	15	4	12	32
2014	320	172	159	22	27	22	18	18	22	12	15
2014	321	168	159	7	5	4	7	18	12	18	7
2014	322	167	159	12	12	9	7	15	12	4	5
2014	323	170	159	18	2	5	7	7	5	12	4
2014	324	168	159	15	7	7	12	5	9	18	6
2014	325	163	159	22	18	6	12	9	9	15	9
2014	326	167	160	12	9	6	6	5	4	9	18
2014	327	173	160	6	7	7	9	12	9	12	4
2014	328	169	161	9	5	4	5	6	9	7	4
2014	329	169	161	4	4	2	5	5	7	6	4
2014	330	171	161	4	4	4	4	7	0	0	4
2014	331	179	161	5	12	6	4	7	7	7	7
2014	332	181	161	2	0	0	2	9	6	4	4
2014	333	177	160	3	3	5	3	4	5	5	4
2014	334	177	160	4	7	7	5	4	12	12	12
2014	335	168	159	6	9	7	5	5	9	9	22
2014	336	168	159	15	15	12	5	12	9	15	5
2014	337	154	158	12	6	3	5	5	6	12	7
2014	338	158	157	9	6	3	3	7	12	7	22
2014	339	137	156	12	15	7	9	18	9	4	7
2014	340	129	155	7	7	9	9	6	7	22	22
2014	341	132	154	39	9	12	18	39	32	27	27
2014	342	133	154	18	12	9	9	15	27	12	12
2014	343	140	153	27	9	9	9	15	9	22	15
2014	344	150	153	18	9	9	9	4	3	5	5
2014	345	148	153	5	2	3	0	3	4	6	9
2014	346	154	153	15	12	18	15	32	15	22	18
2014	347	160	153	6	9	5	4	12	7	9	12
2014	348	166	153	7	15	6	7	9	12	18	6
2014	349	169	153	6	12	15	18	18	12	12	18
2014	350	185	153	4	5	4	5	12	7	6	9
2014	351	199	153	12	9	5	4	3	5	5	3
2014	352	213	153	4	5	3	3	5	9	5	7
2014	353	216	154	12	6	9	5	4	9	7	7
2014	354	203	154	12	9	6	5	6	6	3	9
2014	355	206	154	12	12	9	7	12	7	18	22
2014	356	179	155	48	56	18	7	4	12	4	5
2014	357	166	154	3	0	3	27	7	7	15	27
2014	358	151	154	27	9	7	7	22	15	18	18
2014	359	145	154	6	6	5	3	15	12	18	22
2014	360	137	154	27	27	9	7	6	7	39	12
2014	361	134	154	18	7	5	6	6	4	2	2
2014	362	133	154	9	7	5	5	5	6	22	9
2014	363	132	153	7	15	9	18	22	39	18	39
2014	364	130	153	15	27	22	7	15	12	12	9
2014	365	134	153	5	9	5	6	7	18	5	6
2015	1	138	153	7	3	3	3	3	7	7	15
2015	2	146	152	15	3	7	7	15	7	15	27
2015	3	149	152	48	15	15	15	15	7	7	3
2015	4	145	151	3	3	7	27	27	48	27	48
2015	5	142	150	48	15	15	7	7	7	15	15
2015	6	142	150	7	15	15	27	7	15	15	7
2015	7	147	149	15	3	80	140	27	7	15	27
2015	8	157	148	27	27	15	7	7	15	7	15
2015	9	151	148	15	7	15	7	7	7	7	7
2015	10	152	147	7	15	7	7	15	15	3	0
2015	11	154	146	15	7	15	7	7	3	7	7
2015	12	159	146	0	3	3	7	15	7	15	7
2015	13	151	145	7	7	3	7	15	7	7	7
2015	14	142	145	7	3	7	7	15	3	7	3
2015	15	131	144	3	3	7	3	15	7	3	3
2015	16	125	144	3	15	7	7	7	3	7	7
2015	17	122	144	15	15	3	7	3	0	3	7
2015	18	126	144	0	3	0	3	7	3	7	7
2015	19	130	144	15	3	3	3	3	3	3	7
2015	20	126	143	3	3	7	3	3	0	3	3
2015	21	124	143	7	7	7	3	7	15	27	15
2015	22	120	143	27	15	7	15	15	7	7	7
2015	23	121	142	15	15	15	7	7	7	7	3
2015	24	125	142	3	7	3	7	7	7	7	7
2015	25	127	141	3	7	3	0	3	3	3	15
2015	26	147	141	15	15	15	27	15	15	7	7
2015	27	158	140	15	15	15	7	7	15	15	15
2015	28	159	139	15	7	15	7	3	3	3	3
2015	29	172	138	7	3	3	7	7	7	27	15
2015	30	159	137	15	15	7	3	3	7	15	15
2015	31	154	136	7	7	3	7	7	7	7	27
2015	32	142	135	27	15	15	7	7	15	27	48
2015	33	144	134	48	48	27	27	15	27	27	15
2015	34	149	134	27	27	15	7	7	15	15	15
2015	35	154	134	15	7	7	7	15	15	3	7
2015	36	142	133	7	15	3	15	15	27	15	7
2015	37	143	133	3	3	7	7	7	3	3	0
2015	38	153	133	3	0	15	15	7	15	7	7
2015	39	153	133	7	15	15	7	7	7	15	15
2015	40	146	132	15	3	3	3	15	7	7	15
2015	41	141	132	3	15	3	3	3	7	7	15
2015	42	131	132	7	15	3	3	7	3	0	3
2015	43	128	132	7	3	3	3	7	7	7	3
2015	44	125	132	0	0	0	3	3	3	3	3
2015	45	120	132	0	3	3	3	0	0	3	3
2015	46	120	132	3	7	7	7	15	3	3	3
2015	47	118	132	0	3	3	3	3	3	7	15
2015	48	119	132	15	15	15	27	15	15	27	48
2015	49	121	131	48	27	15	15	7	7	7	15
2015	50	119	131	15	15	7	3	3	7	7	7
2015	51	120	131	3	7	7	7	7	3	3	7
2015	52	116	130	15	15	3	3	7	3	3	7
2015	53	118	130	15	7	3	7	3	3	3	7
2015	54	117	130	15	15	15	15	15	27	15	27
2015	55	114	129	48	48	27	27	15	7	7	15
2015	56	111	129	3	3	15	7	15	7	3	3
2015	57	111	129	7	3	7	7	3	0	3	3
2015	58	118	129	3	0	3	3	3	3	3	7
2015	59	123	129	3	15	15	7	7	27	15	15
2015	60	128	128	48	48	48	27	7	7	7	15
2015	61	130	128	27	27	48	48	27	27	15	7
2015	62	125	129	15	15	7	7	7	3	7	15
2015	63	124	129	7	7	7	15	15	3	7	15
2015	64	140	129	3	3	3	7	7	7	7	7
2015	65	127	130	7	15	27	15	7	7	15	15
2015	66	138	130	27	27	15	15	7	27	15	27
2015	67	124	130	15	7	15	15	27	7	7	3
2015	68	123	130	15	7	3	0	3	3	3	3
2015	69	121	130	7	7	7	7	3	3	3	3
2015	70	132	129	3	15	7	7	7	15	7	3
2015	71	127	129	7	15	7	15	7	7	3	0
2015	72	119	129	3	3	3	3	15	7	3	3
2015	73	116	129	3	7	7	7	7	3	3	7
2015	74	114	129	7	7	15	7	3	7	7	3
2015	75	117	129	7	15	15	15	7	15	3	3
2015	76	114	128	7	48	80	80	240	240	140	240
2015	77	115	128	80	48	27	48	48	80	48	48
2015	78	109	127	27	27	27	48	48	15	15	27
2015	79	113	127	48	15	48	15	15	15	15	48
2015	80	114	126	27	15	27	15	7	7	7	7
2015	81	122	126	7	15	80	27	27	3	3	3
2015	82	128	125	27	48	15	15	27	15	7	15
2015	83	133	125	7	7	7	7	15	27	7	7
2015	84	138	125	7	7	15	27	15	7	15	7
2015	85	136	125	7	3	7	3	7	7	7	15
2015	86	138	125	15	15	7	7	15	3	3	7
2015	87	146	126	0	7	15	15	7	7	7	15
2015	88	145	126	27	15	15	15	15	3	7	7
2015	89	134	126	7	7	3	3	3	3	3	7
2015	90	128	127	3	3	7	7	15	7	15	0
2015	91	124	127	7	3	7	7	7	15	7	7
2015	92	121	128	3	7	7	7	15	7	15	27
2015	93	120	128	15	15	15	15	15	15	7	15
2015	94	122	129	15	15	7	7	15	15	7	7
2015	95	122	129	7	15	7	3	3	7	7	15
2015	96	126	129	15	15	7	3	7	3	3	3
2015	97	111	129	7	7	3	3	3	3	7	3
2015	98	106	129	3	3	0	3	3	3	3	3
2015	99	111	129	7	15	7	15	15	15	7	15
2015	100	115	129	48	80	48	27	27	15	15	7
2015	101	123	129	27	27	27	27	15	15	15	7
2015	102	134	128	3	3	3	3	3	3	3	3
2015	103	141	128	15	15	7	7	7	7	3	3
2015	104	147	128	3	3	7	7	15	27	27	27
2015	105	155	127	7	15	15	48	48	27	48	27
2015	106	150	127	48	48	48	27	15	27	48	80
2015	107	150	126	48	48	27	15	15	7	15	7
2015	108	148	126	15	7	15	15	7	15	15	15
2015	109	152	125	15	15	7	7	7	7	7	7
2015	110	150	125	15	15	3	7	7	3	7	15
2015	111	154	125	27	27	15	27	27	27	15	15
2015	112	150	124	15	7	15	15	7	7	7	15
2015	113	141	124	7	27	7	7	3	3	0	3
2015	114	135	124	7	15	3	3	3	0	0	0
2015	115	126	124	0	3	3	3	3	0	3	3
2015	116	119	124	3	3	3	3	3	3	0	3
2015	117	108	124	3	3	3	7	7	3	7	7
2015	118	106	125	7	3	7	7	7	3	3	3
2015	119	104	125	3	0	3	3	7	3	3	3
2015	120	102	125	7	3	3	3	3	0	7	3
2015	121	100	126	3	7	3	3	7	7	7	7
2015	122	106	126	7	7	7	7	7	3	15	15
2015	123	111	126	15	15	7	7	3	3	3	3
2015	124	123	126	7	3	7	7	7	7	3	3
2015	125	128	126	3	3	7	7	7	3	3	7
2015	126	136	126	27	15	15	27	48	27	15	7
2015	127	147	126	7	7	3	3	3	7	3	7
2015	128	150	126	15	7	7	7	3	3	3	3
2015	129	155	126	3	3	0	7	3	7	15	15
2015	130	160	126	7	7	15	27	15	3	7	7
2015	131	163	126	27	27	15	15	15	7	7	15
2015	132	163	126	15	15	15	15	15	7	15	15
2015	133	157	126	48	80	80	27	27	27	27	27
2015	134	145	126	7	15	15	7	7	3	7	15
2015	135	137	126	7	7	15	7	7	3	3	7
2015	136	131	126	7	3	7	7	7	3	3	7
2015	137	120	125	7	7	7	3	3	3	7	3
2015	138	115	125	7	7	7	15	15	3	15	48
2015	139	110	125	80	27	7	15	7	7	7	3
2015	140	106	125	15	15	7	7	7	3	3	0
2015	141	102	125	0	3	3	3	3	3	3	3
2015	142	99	125	7	3	0	3	3	0	3	0
2015	143	98	124	0	3	3	7	3	3	3	3
2015	144	99	124	3	7	3	3	3	3	3	7
2015	145	97	124	3	3	3	3	3	0	3	3
2015	146	95	123	7	7	7	3	3	7	7	0
2015	147	95	123	3	3	7	3	15	7	3	7
2015	148	93	123	7	7	3	7	7	3	3	7
2015	149	92	123	3	7	7	7	7	7	7	7
2015	150	95	122	3	3	7	3	7	3	3	7
2015	151	94	122	7	3	7	3	3	7	3	7
2015	152	100	121	15	15	7	7	3	3	7	3
2015	153	101	121	3	3	3	3	3	0	3	0
2015	154	109	121	3	3	3	7	7	3	3	0
2015	155	118	120	0	3	0	3	3	3	3	3
2015	156	126	120	0	3	3	3	3	3	3	3
2015	157	133	120	3	7	3	7	7	3	3	3
2015	158	137	120	3	3	3	7	7	3	7	15
2015	159	134	120	27	27	80	27	27	48	15	27
2015	160	137	119	27	15	15	7	15	15	15	7
2015	161	135	119	15	7	15	15	7	7	15	15
2015	162	140	119	7	15	15	7	7	7	3	3
2015	163	137	119	7	7	3	3	7	7	7	7
2015	164	136	119	15	7	7	15	7	7	7	15
2015	165	132	118	27	15	27	48	7	15	15	15
2015	166	135	118	7	7	15	15	27	15	15	7
2015	167	136	118	15	15	15	7	7	15	7	7
2015	168	136	117	15	15	15	15	27	15	3	3
2015	169	151	116	15	7	3	7	7	7	3	3
2015	170	137	116	15	3	3	3	3	0	0	3
2015	171	135	115	3	3	3	3	0	0	0	3
2015	172	132	114	3	3	3	3	3	27	7	15
2015	173	128	113	3	15	27	15	27	48	240	48
2015	174	116	113	140	240	80	48	80	15	27	15
2015	175	110	112	27	15	27	15	15	15	7	7
2015	176	102	112	7	7	80	48	48	27	27	27
2015	177	101	112	15	15	7	15	7	3	3	15
2015	178	97	112	7	7	15	7	7	3	7	15
2015	179	97	112	15	15	15	7	15	7	15	7
2015	180	97	112	7	7	7	7	7	3	3	3
2015	181	101	112	3	7	7	3	3	3	7	0
2015	182	110	112	7	3	3	7	7	7	3	3
2015	183	114	112	3	3	3	3	3	0	0	3
2015	184	112	112	0	3	3	3	3	0	0	3
2015	185	117	112	3	7	3	3	15	15	48	48
2015	186	125	112	80	48	15	15	15	7	15	15
2015	187	133	112	27	27	7	7	3	3	7	3
2015	188	133	112	15	3	3	3	3	3	3	3
2015	189	129	112	3	3	3	3	3	7	7	3
2015	190	122	112	3	15	3	3	7	3	3	3
2015	191	129	112	3	3	3	0	3	3	7	48
2015	192	120	112	27	48	27	15	15	15	27	15
2015	193	116	112	15	15	7	15	7	7	15	15
2015	194	110	112	15	48	48	48	27	27	48	15
2015	195	105	113	15	7	3	3	3	3	7	7
2015	196	101	113	3	7	3	7	7	7	7	15
2015	197	100	113	15	7	7	7	7	7	7	3
2015	198	97	113	7	3	7	3	7	3	3	0
2015	199	96	112	0	3	3	7	3	3	3	3
2015	200	99	112	0	3	3	7	3	3	3	0
2015	201	93	112	3	3	3	7	7	3	3	7
2015	202	91	111	15	15	15	15	7	7	7	15
2015	203	89	110	3	3	3	7	7	15	7	7
2015	204	89	110	15	27	48	15	15	15	27	15
2015	205	92	109	7	7	7	3	7	7	7	7
2015	206	94	109	15	7	15	15	7	3	7	15
2015	207	97	108	15	7	3	15	3	7	7	7
2015	208	100	108	7	7	15	27	15	7	7	7
2015	209	101	107	7	15	7	7	15	7	7	7
2015	210	101	106	7	7	3	3	7	3	7	3
2015	211	102	105	7	7	3	3	7	15	27	27
2015	212	101	105	15	15	7	7	15	27	15	15
2015	213	103	104	15	7	7	7	3	15	7	15
2015	214	102	104	27	7	15	3	15	7	7	7
2015	215	106	103	7	15	7	3	7	3	3	7
2015	216	107	103	7	7	3	3	7	3	3	15
2015	217	112	103	7	3	3	3	7	7	7	7
2015	218	122	103	7	7	7	27	15	7	7	15
2015	219	122	103	15	7	48	15	48	27	7	7
2015	220	121	104	7	7	15	15	15	7	15	15
2015	221	115	104	7	7	15	15	7	7	7	15
2015	222	106	104	15	15	15	7	7	3	7	7
2015	223	103	104	15	7	7	7	7	3	3	7
2015	224	99	104	7	15	15	3	7	15	15	15
2015	225	95	104	15	27	15	7	7	3	3	3
2015	226	93	103	3	3	3	3	3	3	3	3
2015	227	89	103	15	7	15	140	80	27	15	48
2015	228	86	103	48	48	80	27	15	15	27	27
2015	229	87	103	15	27	27	27	48	27	27	15
2015	230	89	103	15	15	15	7	3	7	3	7
2015	231	98	103	27	27	27	15	27	15	15	7
2015	232	103	103	7	15	7	7	27	7	15	15
2015	233	119	103	3	7	7	3	7	3	3	3
2015	234	117	103	7	3	7	15	15	7	7	7
2015	235	133	103	15	15	80	48	27	15	15	15
2015	236	128	103	15	7	7	7	7	3	7	3
2015	237	121	103	7	7	15	7	7	7	15	7
2015	238	126	103	15	15	27	27	27	27	27	48
2015	239	110	102	48	80	80	48	27	48	27	80
2015	240	109	102	80	27	27	15	48	48	80	27
2015	241	100	102	48	15	7	27	7	15	7	7
2015	242	92	102	7	3	7	3	3	3	3	3
2015	243	91	102	7	3	3	7	3	3	7	7
2015	244	89	102	7	7	3	7	7	3	3	7
2015	245	88	102	7	7	3	3	7	7	15	7
2015	246	91	102	7	15	7	7	7	7	7	15
2015	247	90	102	48	27	27	27	15	7	7	15
2015	248	85	102	7	15	15	7	7	15	27	7
2015	249	86	102	15	15	15	15	15	7	27	7
2015	250	84	102	7	15	27	15	48	80	80	80
2015	251	84	102	80	80	15	7	7	3	7	27
2015	252	82	103	27	80	80	48	80	27	80	80
2015	253	84	103	15	3	7	7	7	15	27	15
2015	254	93	103	15	27	140	80	48	80	27	27
2015	255	99	104	27	15	27	27	7	7	7	7
2015	256	99	104	3	7	7	15	7	15	15	15
2015	257	97	104	7	7	7	15	7	48	27	15
2015	258	101	104	27	27	15	15	15	15	15	15
2015	259	109	103	7	15	7	7	15	15	7	27
2015	260	107	103	27	15	15	15	7	3	0	15
2015	261	103	103	7	7	15	15	15	7	15	15
2015	262	106	103	15	27	48	15	7	0	3	15
2015	263	110	103	15	48	140	48	27	48	15	15
2015	264	103	103	15	15	7	7	7	7	3	7
2015	265	107	104	15	15	15	7	15	7	7	7
2015	266	111	104	7	7	15	15	15	27	15	7
2015	267	107	104	15	15	7	3	3	3	7	7
2015	268	120	105	7	7	3	7	15	3	3	3
2015	269	120	105	7	3	0	3	3	3	7	3
2015	270	128	105	3	3	3	3	3	3	7	7
2015	271	124	106	7	3	0	0	3	3	3	3
2015	272	129	106	7	15	7	7	3	0	3	3
2015	273	131	106	3	0	3	3	3	0	3	0
2015	274	120	106	7	3	7	3	15	27	15	15
2015	275	107	106	15	27	27	15	15	15	7	7
2015	276	97	105	7	27	15	7	7	15	7	3
2015	277	88	105	27	27	48	15	15	7	7	27
2015	278	83	105	27	15	27	48	15	3	7	7
2015	279	81	104	15	27	15	7	15	15	27	27
2015	280	81	104	27	80	80	48	48	80	140	80
2015	281	80	104	48	80	80	48	48	48	48	27
2015	282	81	104	27	27	15	27	27	27	27	27
2015	283	81	105	27	15	15	7	7	15	7	7
2015	284	85	105	27	15	7	7	7	7	15	15
2015	285	89	105	3	15	15	48	15	48	27	27
2015	286	96	106	15	27	27	27	7	27	27	27
2015	287	101	106	48	27	27	48	15	15	15	15
2015	288	107	106	15	15	15	7	7	3	7	15
2015	289	109	107	7	15	15	3	7	3	3	3
2015	290	117	107	7	15	7	7	15	7	27	7
2015	291	120	107	15	15	27	48	27	15	15	7
2015	292	124	107	3	7	3	3	3	0	3	3
2015	293	123	107	7	15	7	7	15	7	15	7
2015	294	129	108	3	15	3	27	27	7	7	7
2015	295	121	108	7	3	7	3	3	7	15	7
2015	296	115	108	15	3	3	3	7	7	7	15
2015	297	106	107	15	15	15	3	3	3	15	15
2015	298	106	107	7	7	15	7	15	7	3	3
2015	299	106	107	3	0	3	3	0	0	0	0
2015	300	110	107	0	3	3	3	7	0	3	7
2015	301	112	107	3	3	3	3	0	0	3	0
2015	302	113	107	3	3	3	7	3	3	3	7
2015	303	114	107	15	3	0	7	15	15	7	15
2015	304	119	107	3	3	3	3	7	7	7	15
2015	305	124	108	3	15	15	15	15	7	7	3
2015	306	122	108	3	3	3	3	15	15	3	7
2015	307	124	108	15	27	48	48	27	27	48	27
2015	308	114	108	48	48	48	48	48	15	15	7
2015	309	110	108	15	7	27	15	15	27	15	15
2015	310	115	108	27	7	7	7	7	7	27	27
2015	311	115	108	48	80	80	48	27	15	27	7
2015	312	108	108	7	3	3	7	15	15	27	27
2015	313	108	108	27	27	27	27	15	15	27	48
2015	314	105	108	27	27	48	48	80	27	27	27
2015	315	105	108	48	15	27	15	15	48	15	7
2015	316	104	108	7	3	7	7	3	3	3	3
2015	317	103	108	7	7	3	7	15	27	15	27
2015	318	106	109	15	15	7	7	7	7	3	7
2015	319	106	109	7	15	7	7	3	3	7	15
2015	320	106	110	27	15	15	15	15	15	15	15
2015	321	107	110	7	15	3	7	3	7	15	7
2015	322	108	111	3	15	7	15	7	15	15	48
2015	323	108	111	27	7	7	15	3	0	3	3
2015	324	111	111	3	7	15	15	3	0	3	3
2015	325	122	111	15	3	3	3	0	3	3	3
2015	326	123	111	3	3	3	0	0	0	3	3
2015	327	120	112	3	0	3	3	3	0	3	3
2015	328	113	112	0	0	0	3	0	0	0	0
2015	329	109	111	0	0	0	0	0	0	3	0
2015	330	104	111	0	0	0	3	0	3	3	3
2015	331	99	111	7	15	7	7	3	3	3	7
2015	332	97	111	3	3	3	7	15	3	7	15
2015	333	96	111	3	3	7	7	7	7	15	27
2015	334	96	110	15	27	48	27	7	7	7	7
2015	335	95	110	7	15	3	15	15	27	15	27
2015	336	95	110	15	7	15	7	15	7	7	3
2015	337	95	110	3	7	3	3	0	0	3	3
2015	338	98	110	3	15	7	3	3	0	3	7
2015	339	101	110	7	7	27	27	15	27	27	15
2015	340	102	110	15	27	15	48	27	27	27	27
2015	341	101	110	27	27	15	15	27	27	15	7
2015	342	111	110	27	15	7	7	15	3	7	7
2015	343	109	109	7	15	3	3	7	7	15	7
2015	344	109	109	15	48	27	15	15	15	27	27
2015	345	114	109	27	15	15	15	15	27	15	27
2015	346	117	109	15	27	15	7	7	15	7	7
2015	347	123	108	15	15	7	7	7	3	3	3
2015	348	124	108	7	7	3	7	15	48	27	48
2015	349	119	108	48	27	15	7	15	15	3	15
2015	350	126	108	27	15	3	0	3	0	3	3
2015	351	118	108	3	3	3	3	3	7	27	7
2015	352	117	108	7	3	3	3	3	3	3	15
2015	353	119	108	7	3	3	3	3	27	27	27
2015	354	117	108	27	80	48	48	48	80	80	80
2015	355	122	108	80	80	48	27	15	15	7	15
2015	356	130	108	15	15	15	27	7	3	7	7
2015	357	134	108	7	7	7	7	7	7	15	27
2015	358	133	108	15	15	15	7	15	7	15	15
2015	359	126	108	15	7	15	7	7	7	7	7
2015	360	117	108	15	7	7	7	15	15	15	48
2015	361	110	108	15	7	15	7	15	7	7	7
2015	362	112	108	3	3	3	7	7	3	3	3
2015	363	105	109	7	3	3	3	7	7	7	7
2015	364	102	109	3	0	3	3	3	3	3	7
2015	365	96	109	27	15	27	27	80	27	48	0
2016	1	98	109	80	48	48	15	7	3	7	7
2016	2	100	108	15	7	15	7	7	7	7	7
2016	3	102	108	3	7	7	3	7	7	3	15
2016	4	95	108	3	7	7	0	3	7	7	3
2016	5	95	108	3	3	3	7	3	7	15	7
2016	6	100	108	48	15	15	15	15	7	15	27
2016	7	103	108	27	15	15	27	15	15	7	3
2016	8	109	108	3	15	7	7	15	3	3	7
2016	9	107	108	7	3	7	3	7	3	7	3
2016	10	109	108	7	7	3	7	7	3	7	7
2016	11	108	109	7	15	15	7	7	15	27	27
2016	12	106	109	27	15	15	7	7	7	15	15
2016	13	104	109	27	27	7	7	7	7	15	7
2016	14	103	108	7	7	15	7	7	7	7	15
2016	15	104	108	7	7	7	3	3	3	3	3
2016	16	100	108	0	3	3	7	7	0	3	3
2016	17	101	108	0	0	7	3	3	3	3	3
2016	18	100	108	0	0	0	3	3	7	3	15
2016	19	98	108	27	15	15	15	3	3	0	3
2016	20	100	107	3	7	27	27	27	48	48	27
2016	21	104	107	27	80	48	15	15	27	27	27
2016	22	101	107	27	27	15	15	7	7	15	7
2016	23	99	107	7	15	27	7	15	15	7	3
2016	24	104	106	15	7	7	3	7	15	27	7
2016	25	108	106	3	3	3	3	3	0	0	0
2016	26	115	106	0	3	3	3	3	3	7	3
2016	27	113	105	3	15	3	7	3	3	0	3
2016	28	110	105	3	3	15	15	3	3	3	3
2016	29	107	105	0	3	3	3	3	3	3	3
2016	30	105	105	0	0	3	3	0	3	3	3
2016	31	101	104	7	7	15	7	7	7	7	27
2016	32	100	104	15	15	15	7	0	3	3	0
2016	33	102	103	0	3	7	3	3	7	7	15
2016	34	112	103	27	48	7	3	3	3	3	3
2016	35	123	102	0	3	7	7	15	7	7	3
2016	36	120	102	15	15	15	7	7	7	15	7
2016	37	117	102	7	15	7	7	3	7	7	15
2016	38	117	102	7	3	3	7	7	27	7	7
2016	39	115	101	48	27	27	7	7	3	3	3
2016	40	117	101	7	3	7	27	15	3	3	15
2016	41	112	101	15	7	7	3	3	0	3	3
2016	42	113	101	15	7	7	7	7	7	7	27
2016	43	112	101	27	15	7	27	15	7	7	7
2016	44	110	101	7	15	15	7	3	3	3	3
2016	45	108	100	15	15	15	7	7	15	7	3
2016	46	107	100	7	7	15	7	7	3	3	27
2016	47	104	100	27	15	15	48	48	48	80	48
2016	48	100	100	48	15	48	15	27	15	48	80
2016	49	95	100	27	48	27	27	15	15	48	27
2016	50	94	99	15	15	7	15	15	15	15	15
2016	51	100	99	15	7	7	3	3	3	3	3
2016	52	96	99	3	7	3	0	3	3	7	7
2016	53	94	99	3	0	0	3	3	3	3	3
2016	54	91	98	7	3	3	3	3	3	7	15
2016	55	88	98	15	7	7	3	7	3	3	7
2016	56	92	98	3	7	7	3	3	3	3	7
2016	57	89	98	15	15	3	3	7	3	3	0
2016	58	90	98	0	3	7	3	0	3	3	3
2016	59	93	98	3	3	7	3	3	0	3	3
2016	60	91	98	7	0	3	3	3	3	3	7
2016	61	97	98	15	7	7	7	7	7	3	15
2016	62	98	98	15	3	3	7	7	15	3	3
2016	63	99	98	7	15	7	15	7	3	3	7
2016	64	101	98	15	3	0	3	0	3	3	0
2016	65	96	98	0	0	7	7	7	3	3	3
2016	66	96	98	3	3	7	7	7	48	80	140
2016	67	94	98	48	48	27	7	15	15	27	27
2016	68	96	98	15	7	7	7	7	3	7	3
2016	69	97	98	7	7	7	7	7	7	7	7
2016	70	95	98	15	15	7	7	15	7	7	7
2016	71	94	97	7	15	15	15	80	27	27	15
2016	72	95	97	27	15	7	15	3	15	15	3
2016	73	93	97	3	7	3	3	3	0	0	3
2016	74	93	97	7	7	7	7	3	15	27	48
2016	75	94	96	27	27	27	27	7	15	48	27
2016	76	91	96	48	7	15	15	15	3	15	48
2016	77	92	95	48	48	15	27	7	15	15	15
2016	78	90	95	7	7	15	7	7	7	7	15
2016	79	89	95	7	15	27	27	15	27	7	3
2016	80	88	94	7	15	7	7	7	15	27	7
2016	81	89	94	7	7	7	7	7	7	3	15
2016	82	87	94	15	7	7	15	7	0	3	7
2016	83	87	94	7	15	27	7	7	3	7	15
2016	84	87	93	15	7	7	7	3	3	3	7
2016	85	86	93	15	7	3	3	3	3	3	0
2016	86	86	93	0	3	3	0	3	3	3	3
2016	87	88	93	15	7	15	15	7	15	15	7
2016	88	88	92	7	27	3	3	7	3	15	15
2016	89	88	92	15	15	15	15	7	7	3	3
2016	90	84	92	15	7	7	7	27	7	15	7
2016	91	82	92	15	15	7	3	3	3	0	0
2016	92	82	92	3	0	0	0	0	0	3	3
2016	93	82	92	7	3	0	3	15	48	27	80
2016	94	82	92	27	15	15	15	3	7	7	27
2016	95	83	92	15	15	3	7	7	0	3	3
2016	96	83	92	7	3	3	3	7	3	7	3
2016	97	87	92	7	3	7	15	7	7	3	3
2016	98	92	93	7	3	3	3	3	7	48	48
2016	99	98	93	48	15	7	3	0	3	3	3
2016	100	106	93	3	3	3	3	3	3	3	0
2016	101	111	93	3	7	15	7	7	3	0	15
2016	102	117	93	3	0	3	3	7	15	3	3
2016	103	111	93	15	15	7	7	15	15	27	48
2016	104	108	93	48	27	27	27	27	15	27	15
2016	105	111	93	27	15	7	48	27	27	15	15
2016	106	112	93	27	7	3	3	7	7	7	7
2016	107	113	93	3	3	15	7	7	15	27	27
2016	108	102	93	27	27	15	7	7	15	27	15
2016	109	95	93	15	3	7	3	3	0	3	3
2016	110	89	92	0	3	3	3	3	0	0	3
2016	111	83	92	0	7	7	7	3	0	0	3
2016	112	77	92	3	7	3	3	3	7	3	7
2016	113	77	92	15	7	7	7	15	15	15	27
2016	114	79	92	7	7	3	7	7	7	15	48
2016	115	82	92	7	7	7	7	15	27	15	3
2016	116	82	92	3	7	7	7	7	3	3	0
2016	117	85	92	3	3	3	3	7	3	7	15
2016	118	93	91	3	7	15	7	7	15	7	7
2016	119	95	91	7	3	7	7	3	3	3	3
2016	120	92	91	3	3	0	3	3	0	3	3
2016	121	94	91	3	3	7	7	7	7	7	15
2016	122	92	91	15	7	15	7	15	15	27	27
2016	123	90	91	48	80	15	15	15	15	27	48
2016	124	90	91	15	27	15	7	7	3	3	7
2016	125	90	91	7	7	0	7	3	3	3	3
2016	126	87	91	0	7	3	15	15	7	7	7
2016	127	90	91	7	7	7	7	15	15	48	15
2016	128	88	91	27	7	3	7	7	7	3	15
2016	129	84	91	80	140	80	48	48	48	48	80
2016	130	89	91	140	27	15	15	15	15	27	27
2016	131	89	91	15	27	15	15	15	7	15	15
2016	132	94	91	15	7	3	3	3	3	3	7
2016	133	92	91	3	7	3	7	3	0	3	7
2016	134	93	91	3	3	15	7	7	7	15	7
2016	135	101	91	15	7	15	15	7	3	7	15
2016	136	108	91	15	7	7	7	15	15	27	7
2016	137	102	91	7	15	15	15	15	7	7	7
2016	138	103	91	7	15	27	15	15	7	15	15
2016	139	102	91	7	15	7	15	15	3	3	3
2016	140	99	90	3	3	15	7	15	7	7	3
2016	141	100	90	15	7	7	3	3	0	3	7
2016	142	98	89	15	15	48	7	15	15	15	3
2016	143	97	89	7	15	7	15	7	3	3	0
2016	144	97	88	3	3	7	7	3	0	3	3
2016	145	94	88	7	7	3	15	7	3	3	3
2016	146	94	88	3	7	3	3	3	3	0	0
2016	147	92	87	3	3	3	3	3	3	3	3
2016	148	90	87	15	15	3	7	7	7	15	15
2016	149	88	86	15	7	27	7	7	15	15	15
2016	150	83	86	7	7	7	7	3	3	7	15
2016	151	86	86	27	15	15	7	3	7	3	7
2016	152	87	86	7	7	15	7	3	15	15	15
2016	153	86	87	7	3	7	3	7	7	7	7
2016	154	85	87	3	3	3	3	3	3	0	3
2016	155	83	87	3	3	0	3	3	3	3	3
2016	156	80	87	3	3	3	3	3	3	3	7
2016	157	79	87	7	7	7	27	48	48	48	48
2016	158	79	88	27	80	27	27	27	7	15	7
2016	159	79	88	7	3	3	15	7	7	15	15
2016	160	80	88	7	7	3	7	7	7	0	3
2016	161	85	88	7	3	0	3	3	3	3	3
2016	162	85	88	3	3	3	3	7	7	27	15
2016	163	88	88	15	7	7	7	7	7	7	27
2016	164	94	88	7	7	7	7	15	7	15	7
2016	165	91	88	15	27	7	7	7	3	7	3
2016	166	88	88	15	7	3	7	7	7	80	27
2016	167	87	88	48	15	7	15	15	7	3	3
2016	168	88	88	7	3	7	7	7	7	3	7
2016	169	87	88	7	7	7	7	15	7	7	3
2016	170	84	88	7	15	7	7	15	3	7	7
2016	171	85	87	7	7	7	3	7	3	3	3
2016	172	84	87	3	3	3	3	3	0	3	3
2016	173	80	87	3	3	3	3	3	3	3	3
2016	174	78	87	3	3	3	7	7	15	48	27
2016	175	78	86	7	15	3	3	3	15	15	27
2016	176	76	86	15	27	15	7	7	7	7	15
2016	177	77	86	15	7	7	3	3	3	7	7
2016	178	77	85	7	7	7	7	7	15	15	27
2016	179	75	85	15	15	15	3	7	7	7	7
2016	180	73	85	15	7	3	7	7	3	3	3
2016	181	74	85	7	3	3	3	3	3	3	3
2016	182	73	85	3	3	3	3	3	7	15	0
2016	183	72	85	15	7	15	15	3	3	0	3
2016	184	71	85	3	7	3	3	7	7	15	27
2016	185	72	85	15	7	7	7	3	7	7	15
2016	186	74	85	7	7	15	7	3	3	7	7
2016	187	72	85	7	7	3	3	3	3	3	3
2016	188	77	85	3	3	3	3	3	3	3	15
2016	189	83	85	15	15	15	15	15	48	48	27
2016	190	87	84	15	15	27	27	48	27	27	7
2016	191	92	84	15	7	27	15	15	15	15	7
2016	192	94	84	7	7	7	15	15	7	7	7
2016	193	95	84	7	15	3	7	15	7	15	15
2016	194	92	84	15	48	48	27	7	7	15	15
2016	195	97	84	15	15	7	7	7	3	3	7
2016	196	95	84	7	15	27	27	7	7	7	7
2016	197	102	84	7	15	15	15	3	7	7	15
2016	198	107	84	15	7	3	7	15	7	3	7
2016	199	105	84	7	7	3	7	7	3	3	7
2016	200	107	84	3	3	3	3	3	3	0	3
2016	201	101	84	3	3	0	3	3	3	3	48
2016	202	108	84	48	48	27	7	15	7	15	3
2016	203	100	84	3	3	3	3	3	7	3	7
2016	204	90	85	3	7	7	7	7	7	7	7
2016	205	86	85	7	15	15	7	7	3	3	7
2016	206	82	85	7	3	3	7	7	15	48	27
2016	207	74	85	27	27	15	15	27	27	7	7
2016	208	74	85	3	7	3	3	7	3	3	3
2016	209	72	85	3	3	0	0	3	0	3	7
2016	210	70	85	15	27	15	7	7	15	27	15
2016	211	71	85	15	27	15	15	7	15	15	3
2016	212	71	85	15	7	3	3	3	3	3	3
2016	213	72	85	7	0	3	3	3	3	3	0
2016	214	72	86	3	3	3	0	3	3	3	3
2016	215	75	86	3	7	7	7	15	15	27	48
2016	216	75	86	48	27	48	48	27	27	15	15
2016	217	76	86	27	27	15	15	15	27	15	7
2016	218	80	86	7	15	27	27	15	15	7	27
2016	219	83	86	15	7	15	27	15	7	7	15
2016	220	93	86	27	7	7	7	15	15	3	15
2016	221	96	86	27	7	7	7	15	27	15	3
2016	222	92	86	7	15	7	15	27	15	7	15
2016	223	95	86	15	15	27	27	7	15	15	15
2016	224	95	87	7	3	7	7	3	15	15	15
2016	225	95	87	27	27	7	7	7	7	3	3
2016	226	91	87	7	7	3	3	3	3	7	3
2016	227	87	87	7	3	3	3	7	0	3	3
2016	228	88	87	3	3	7	3	3	3	0	3
2016	229	87	87	3	0	3	3	7	3	3	15
2016	230	83	87	15	15	7	3	7	0	7	15
2016	231	82	87	7	15	7	7	7	3	3	7
2016	232	81	87	3	3	7	7	7	3	3	3
2016	233	78	87	7	7	7	3	3	0	0	3
2016	234	77	87	0	3	3	3	15	27	15	15
2016	235	80	87	7	3	7	3	3	3	3	3
2016	236	81	87	7	7	3	7	27	15	48	48
2016	237	78	87	48	15	15	15	27	7	7	15
2016	238	79	86	7	3	15	15	7	7	7	15
2016	239	82	86	15	7	3	3	3	7	7	7
2016	240	84	86	7	15	3	7	3	3	3	0
2016	241	85	86	3	3	3	3	3	0	3	0
2016	242	88	86	3	3	0	7	7	7	7	15
2016	243	100	86	15	7	7	7	15	27	27	27
2016	244	98	86	7	7	3	3	7	3	15	15
2016	245	95	86	27	27	48	27	27	15	48	80
2016	246	95	87	80	80	15	15	48	27	15	48
2016	247	99	87	27	80	48	27	27	27	27	48
2016	248	97	87	48	27	27	27	27	27	48	27
2016	249	94	87	15	27	15	7	7	15	48	15
2016	250	92	87	15	15	15	15	7	7	27	7
2016	251	93	87	15	15	3	15	15	15	7	7
2016	252	95	87	15	27	15	15	15	7	7	7
2016	253	91	87	7	3	3	3	3	3	3	7
2016	254	93	87	3	7	7	3	3	0	3	7
2016	255	86	88	3	0	3	3	7	3	3	3
2016	256	87	88	15	7	3	3	7	3	3	7
2016	257	86	88	7	7	7	7	3	3	0	3
2016	258	85	88	7	7	7	7	15	7	15	7
2016	259	84	88	15	15	7	7	3	3	0	3
2016	260	84	88	0	0	3	3	3	3	7	3
2016	261	80	87	7	3	3	7	3	0	0	3
2016	262	83	87	7	3	7	15	15	7	7	3
2016	263	83	87	7	3	15	7	15	7	7	15
2016	264	85	87	48	27	27	27	7	15	7	7
2016	265	86	87	27	15	7	15	3	0	3	3
2016	266	85	86	7	3	7	3	0	0	0	0
2016	267	86	86	3	3	7	3	0	3	3	3
2016	268	85	86	3	0	3	3	3	3	7	7
2016	269	85	86	27	48	3	15	15	15	48	27
2016	270	87	86	27	27	15	15	27	15	27	27
2016	271	86	86	48	27	48	48	27	80	15	27
2016	272	84	86	48	48	15	48	27	48	80	27
2016	273	83	86	27	48	48	48	27	48	27	15
2016	274	81	86	27	27	27	27	15	15	48	0
2016	275	81	86	15	27	7	15	7	27	27	15
2016	276	82	86	15	15	15	7	27	7	48	27
2016	277	88	86	15	27	15	7	7	7	15	15
2016	278	93	86	27	48	27	27	27	7	15	27
2016	279	99	85	27	27	15	15	7	7	7	15
2016	280	102	85	7	7	3	3	0	7	7	3
2016	281	104	85	15	7	3	3	3	7	7	3
2016	282	104	85	7	27	7	7	3	3	3	3
2016	283	105	85	7	3	7	3	7	3	7	3
2016	284	102	85	15	15	15	7	7	15	15	3
2016	285	99	85	3	3	3	3	0	0	3	3
2016	286	98	84	3	3	3	3	3	3	3	15
2016	287	95	84	15	15	48	27	48	80	80	48
2016	288	93	84	80	27	48	15	7	7	3	3
2016	289	85	84	15	15	7	7	7	15	7	15
2016	290	81	84	15	3	15	15	15	7	48	27
2016	291	76	83	27	15	27	27	7	15	15	27
2016	292	77	83	15	15	15	7	3	7	3	15
2016	293	77	83	15	7	7	7	3	7	7	3
2016	294	75	83	3	0	3	3	0	0	7	3
2016	295	78	83	3	3	3	0	0	0	0	0
2016	296	78	83	7	3	3	7	3	7	7	7
2016	297	77	83	3	7	15	7	7	7	15	15
2016	298	75	83	27	15	15	7	27	15	7	15
2016	299	78	83	27	48	27	48	140	80	48	80
2016	300	78	83	48	48	27	80	48	80	48	48
2016	301	79	83	48	48	27	15	15	48	27	15
2016	302	79	83	15	15	27	15	15	15	15	27
2016	303	79	83	48	48	27	15	27	15	15	15
2016	304	76	83	27	27	15	15	27	15	15	7
2016	305	77	82	15	15	15	15	7	7	7	3
2016	306	77	82	7	7	7	15	15	7	7	15
2016	307	76	82	27	7	3	7	15	15	7	27
2016	308	76	82	27	15	27	27	15	15	7	27
2016	309	77	82	15	7	3	3	0	0	3	3
2016	310	77	82	3	3	3	0	0	0	0	0
2016	311	76	81	3	3	7	3	7	3	3	3
2016	312	77	81	7	3	7	3	3	3	0	0
2016	313	77	81	0	0	3	3	7	3	3	3
2016	314	80	81	3	0	7	7	7	3	15	7
2016	315	80	81	7	7	7	15	15	27	15	15
2016	316	78	81	48	7	7	7	7	15	7	15
2016	317	78	81	15	27	7	27	27	15	15	27
2016	318	78	81	27	27	27	15	15	15	27	27
2016	319	77	80	7	15	15	15	15	15	7	15
2016	320	77	80	15	7	3	7	15	3	3	3
2016	321	81	80	3	3	3	3	0	3	7	7
2016	322	79	79	7	3	0	0	0	3	7	3
2016	323	78	79	7	3	0	0	0	7	3	0
2016	324	77	78	0	0	0	3	3	3	3	3
2016	325	76	78	0	3	3	3	3	3	3	3
2016	326	75	78	3	7	3	3	7	7	7	15
2016	327	77	77	3	3	3	7	15	15	15	27
2016	328	78	77	27	15	15	7	7	7	15	7
2016	329	79	77	27	15	15	27	48	15	27	27
2016	330	81	77	27	80	48	15	27	27	27	15
2016	331	81	77	15	15	7	7	7	15	15	7
2016	332	83	77	15	15	15	15	7	3	7	7
2016	333	85	77	7	7	7	3	7	15	7	15
2016	334	86	77	7	7	3	3	3	3	3	7
2016	335	84	76	3	3	7	3	0	3	0	0
2016	336	85	76	3	7	3	3	0	0	0	0
2016	337	84	76	3	7	3	3	3	3	3	3
2016	338	85	76	3	3	3	0	0	3	3	0
2016	339	82	76	0	3	0	0	0	0	0	3
2016	340	83	76	7	3	0	0	3	3	3	7
2016	341	80	76	3	3	3	7	15	7	3	15
2016	342	77	76	3	7	15	7	7	15	15	15
2016	343	75	76	27	27	15	15	15	27	27	27
2016	344	73	76	27	7	15	27	15	27	48	48
2016	345	72	76	27	15	15	15	15	15	15	15
2016	346	71	76	27	27	7	15	7	15	15	7
2016	347	71	77	15	15	7	3	0	7	3	7
2016	348	71	77	7	3	3	3	3	3	0	3
2016	349	72	77	7	3	0	3	3	0	3	3
2016	350	73	77	3	3	3	3	0	0	3	3
2016	351	73	77	3	3	0	0	0	0	0	3
2016	352	72	77	3	0	3	3	3	3	7	15
2016	353	72	77	15	15	15	7	7	7	3	3
2016	354	73	77	3	7	7	3	3	3	7	3
2016	355	75	77	3	3	3	7	3	7	3	15
2016	356	75	77	7	7	3	15	27	80	27	27
2016	357	75	77	48	27	27	15	15	15	27	15
2016	358	74	77	27	27	15	27	15	27	27	27
2016	359	73	77	15	15	15	7	15	15	7	7
2016	360	73	77	27	27	7	27	27	27	27	15
2016	361	74	77	48	15	15	15	27	27	15	15
2016	362	74	77	27	15	7	7	7	3	7	15
2016	363	73	77	7	15	3	3	3	7	3	7
2016	364	73	77	7	3	3	3	3	7	3	3
2016	365	74	77	3	7	0	3	3	3	3	3
2016	366	74	77	3	7	7	15	15	15	15	15
2017	1	73	77	27	27	15	7	7	15	7	7
2017	2	73	77	7	15	7	7	7	7	3	3
2017	3	73	77	3	7	7	27	15	15	15	15
2017	4	72	76	3	7	7	7	7	7	27	27
2017	5	73	76	15	15	7	7	15	27	27	27
2017	6	72	76	27	27	15	7	15	15	15	15
2017	7	72	76	27	15	15	7	27	27	15	15
2017	8	72	76	15	15	7	15	15	15	27	27
2017	9	72	76	27	7	7	7	27	15	7	15
2017	10	73	76	7	7	7	3	3	15	15	15
2017	11	75	76	15	7	7	3	3	7	7	7
2017	12	76	76	7	15	0	0	3	0	3	3
2017	13	75	76	3	3	3	3	3	7	7	3
2017	14	77	76	3	7	3	0	3	3	3	7
2017	15	78	76	7	3	7	3	3	3	7	3
2017	16	78	76	3	3	3	0	0	0	3	3
2017	17	79	76	3	3	0	3	3	7	3	3
2017	18	79	76	3	15	15	15	15	27	27	27
2017	19	80	76	27	15	15	15	7	7	3	7
2017	20	83	76	15	15	7	7	7	3	15	15
2017	21	86	76	15	3	7	7	3	7	15	27
2017	22	87	76	15	15	15	7	7	7	7	7
2017	23	84	76	3	3	3	0	3	7	7	7
2017	24	82	76	7	3	3	0	0	0	3	3
2017	25	85	76	7	15	3	7	0	0	0	3
2017	26	83	76	0	0	7	7	15	27	27	15
2017	27	80	76	27	27	27	15	27	15	7	7
2017	28	79	76	15	15	7	3	3	3	7	15
2017	29	77	76	15	15	7	3	7	7	7	3
2017	30	77	76	3	3	3	3	7	7	3	15
2017	31	76	76	15	15	15	27	15	27	27	48
2017	32	76	76	48	27	15	15	27	48	15	48
2017	33	75	76	27	27	27	15	15	15	27	27
2017	34	75	76	15	27	27	7	15	15	15	15
2017	35	74	76	15	15	15	7	7	7	7	15
2017	36	73	76	15	27	15	7	15	15	15	7
2017	37	73	76	15	15	7	7	7	15	15	27
2017	38	72	76	15	7	3	3	7	7	7	7
2017	39	73	76	3	0	3	3	7	7	3	7
2017	40	73	76	7	3	3	7	3	7	7	7
2017	41	74	76	7	3	7	7	7	15	7	15
2017	42	76	76	15	7	3	3	0	0	3	3
2017	43	76	76	3	0	3	0	3	3	3	3
2017	44	75	76	7	3	0	3	3	7	7	7
2017	45	75	76	0	0	0	0	0	3	3	3
2017	46	75	76	0	0	3	3	3	3	3	3
2017	47	74	76	3	7	7	0	15	15	7	7
2017	48	75	76	7	27	27	27	7	27	15	27
2017	49	77	77	27	27	7	7	3	7	15	15
2017	50	78	77	15	15	7	3	7	15	15	3
2017	51	81	77	3	15	7	7	7	15	15	7
2017	52	83	78	7	7	3	0	0	3	0	7
2017	53	83	78	27	15	15	7	3	3	7	3
2017	54	83	78	7	7	7	7	7	15	7	15
2017	55	82	78	48	27	15	27	27	15	7	15
2017	56	80	78	15	15	7	7	3	0	3	7
2017	57	79	78	3	3	0	0	3	0	0	0
2017	58	82	78	3	7	7	7	3	3	15	15
2017	59	82	78	15	7	7	3	3	3	7	15
2017	60	81	78	15	15	15	48	48	27	48	80
2017	61	79	78	48	27	27	48	48	15	27	15
2017	62	78	78	27	27	48	27	15	27	7	3
2017	63	75	78	48	48	15	15	15	15	7	27
2017	64	73	77	15	7	15	15	15	15	27	27
2017	65	72	77	27	15	7	27	27	27	48	27
2017	66	72	77	15	15	27	15	15	15	15	15
2017	67	71	77	15	3	3	7	15	7	15	27
2017	68	71	77	27	15	7	15	15	7	15	7
2017	69	71	77	7	15	27	27	15	3	3	7
2017	70	70	77	3	3	7	3	0	3	7	15
2017	71	70	77	15	27	7	3	7	3	3	3
2017	72	70	77	0	7	3	3	0	0	0	0
2017	73	70	77	3	7	0	0	7	7	3	3
2017	74	70	78	3	7	7	7	3	3	3	15
2017	75	71	78	15	7	0	3	3	0	3	3
2017	76	71	78	3	7	3	0	0	0	3	7
2017	77	70	78	3	0	0	0	0	0	3	3
2017	78	71	78	0	0	3	3	0	0	0	3
2017	79	73	78	3	0	3	3	0	3	0	0
2017	80	71	78	7	15	27	7	15	48	48	27
2017	81	73	78	27	27	15	27	27	27	27	48
2017	82	72	78	27	27	7	7	3	7	3	3
2017	83	72	78	7	15	7	0	7	7	3	0
2017	84	74	78	0	7	3	3	3	3	0	3
2017	85	77	78	7	0	3	3	3	0	3	3
2017	86	83	78	7	48	48	80	48	48	80	48
2017	87	84	78	48	48	15	27	15	15	15	15
2017	88	83	78	27	27	27	27	15	27	7	15
2017	89	86	78	15	48	15	15	15	27	27	48
2017	90	91	78	48	48	48	27	27	15	15	0
2017	91	101	78	15	15	15	15	7	27	15	15
2017	92	112	77	15	7	7	7	15	7	3	3
2017	93	108	77	3	3	0	7	7	3	0	3
2017	94	94	77	7	27	48	48	15	3	3	15
2017	95	85	77	7	3	15	7	3	7	7	27
2017	96	76	77	7	3	3	7	7	15	7	3
2017	97	74	77	15	7	7	7	3	3	15	27
2017	98	73	77	27	15	27	7	7	7	15	27
2017	99	74	76	27	48	27	15	15	7	3	3
2017	100	74	76	7	3	3	3	7	3	3	7
2017	101	75	76	3	7	15	27	15	7	15	7
2017	102	71	76	15	15	7	7	3	0	0	0
2017	103	74	76	3	7	3	0	3	3	7	7
2017	104	73	76	15	27	15	7	15	7	15	7
2017	105	73	76	15	7	7	3	3	3	3	3
2017	106	75	76	3	3	7	7	0	3	3	3
2017	107	75	76	0	3	7	3	3	3	0	3
2017	108	80	77	7	3	3	3	7	3	3	15
2017	109	81	77	15	48	15	7	0	7	15	15
2017	110	81	77	48	80	27	48	15	15	15	15
2017	111	82	77	3	7	3	3	7	27	48	48
2017	112	84	77	48	80	48	48	80	48	27	80
2017	113	83	77	27	27	80	48	48	48	27	27
2017	114	80	77	27	27	27	27	7	15	27	15
2017	115	81	77	27	15	15	15	15	7	15	7
2017	116	80	77	15	7	15	7	7	7	7	7
2017	117	78	77	7	15	15	3	3	3	7	7
2017	118	78	77	3	3	7	3	7	3	3	7
2017	119	77	77	7	3	7	7	3	3	7	7
2017	120	77	77	7	3	7	7	3	3	7	7
2017	121	75	77	7	7	0	0	3	3	3	7
2017	122	77	77	3	7	3	3	3	3	0	7
2017	123	75	77	3	3	3	3	7	3	0	0
2017	124	74	78	0	7	7	3	3	0	3	27
2017	125	74	78	15	7	3	3	7	0	0	3
2017	126	73	78	3	7	3	3	3	3	3	3
2017	127	72	77	7	15	15	3	3	3	15	7
2017	128	71	77	7	3	7	7	3	3	7	3
2017	129	69	77	3	3	7	3	7	7	3	7
2017	130	69	77	7	3	3	0	7	3	3	15
2017	131	69	77	3	15	7	3	3	3	3	7
2017	132	69	77	7	3	7	7	15	3	3	3
2017	133	70	76	3	7	3	3	3	3	3	3
2017	134	71	76	7	7	7	15	15	7	7	15
2017	135	71	75	3	7	7	27	7	15	27	15
2017	136	72	75	15	15	7	7	15	3	3	7
2017	137	71	75	7	7	15	15	7	3	7	7
2017	138	72	75	27	15	15	7	3	3	3	7
2017	139	72	75	7	15	7	3	7	15	15	15
2017	140	72	75	27	27	27	27	27	27	15	15
2017	141	74	75	15	15	15	7	7	7	7	7
2017	142	74	75	7	7	7	7	15	7	15	15
2017	143	76	75	7	15	7	3	7	3	7	7
2017	144	78	75	7	7	3	3	3	3	0	3
2017	145	76	75	0	3	0	3	3	3	3	7
2017	146	80	75	3	3	3	3	3	0	3	3
2017	147	82	75	3	3	0	3	3	15	7	80
2017	148	79	75	80	140	80	48	27	7	3	3
2017	149	76	75	3	3	7	7	27	15	15	3
2017	150	74	75	7	27	7	3	3	3	3	3
2017	151	74	75	3	7	3	0	7	0	3	7
2017	152	76	76	3	3	3	3	3	15	7	15
2017	153	78	76	7	7	3	3	3	3	3	3
2017	154	78	76	0	3	7	7	15	27	7	3
2017	155	78	76	3	3	3	0	3	0	0	3
2017	156	79	76	3	7	3	3	7	3	3	7
2017	157	75	76	7	7	3	3	7	3	3	3
2017	158	76	76	3	7	7	3	3	3	0	7
2017	159	74	76	3	0	3	3	7	3	3	3
2017	160	74	76	15	3	3	3	3	3	3	3
2017	161	75	76	3	3	3	3	3	3	3	3
2017	162	74	76	3	7	15	7	15	48	27	15
2017	163	75	76	7	7	7	3	7	7	7	15
2017	164	75	76	15	7	3	15	3	7	7	3
2017	165	74	76	0	3	7	7	7	7	3	3
2017	166	77	76	7	3	3	3	3	3	3	0
2017	167	74	76	3	7	27	15	48	27	15	48
2017	168	75	76	27	27	7	7	7	7	27	15
2017	169	75	76	15	15	7	7	15	7	7	7
2017	170	74	76	3	7	7	7	3	3	0	3
2017	171	74	76	3	3	3	3	3	3	0	0
2017	172	74	76	3	3	3	3	3	3	7	7
2017	173	74	76	15	7	3	3	3	3	15	7
2017	174	74	76	3	3	3	7	3	3	7	7
2017	175	74	76	7	3	7	15	7	7	15	15
2017	176	74	76	7	7	27	15	7	7	7	7
2017	177	74	76	15	7	3	7	7	3	7	7
2017	178	74	76	7	7	3	3	3	3	0	3
2017	179	72	76	3	7	7	7	3	3	0	3
2017	180	72	76	3	7	7	7	3	3	3	3
2017	181	72	76	0	3	3	3	7	3	3	0
2017	182	71	76	7	15	15	7	15	15	15	7
2017	183	71	76	15	7	48	27	15	7	15	27
2017	184	72	76	7	7	3	7	3	3	3	3
2017	185	72	76	3	3	3	3	3	3	3	7
2017	186	73	76	3	3	3	3	3	0	0	3
2017	187	76	76	3	3	7	7	7	7	7	15
2017	188	80	76	7	7	3	3	3	3	3	7
2017	189	87	76	3	3	3	3	3	0	3	3
2017	190	91	76	48	27	7	48	7	15	27	27
2017	191	95	76	15	27	7	3	3	7	3	7
2017	192	91	76	7	15	15	7	3	7	3	7
2017	193	90	76	3	3	3	3	3	3	0	3
2017	194	92	76	3	3	3	3	3	3	3	7
2017	195	94	76	3	3	3	3	3	3	0	3
2017	196	92	76	3	3	3	3	3	3	3	3
2017	197	87	76	7	3	27	48	80	48	80	48
2017	198	86	76	15	27	27	27	27	80	7	7
2017	199	78	76	15	15	7	3	7	3	0	3
2017	200	73	76	3	3	0	3	3	3	3	3
2017	201	70	77	3	7	3	3	3	7	15	15
2017	202	69	77	27	15	15	3	7	15	3	15
2017	203	70	77	15	7	27	48	7	7	7	15
2017	204	71	77	15	15	15	15	15	7	7	27
2017	205	70	77	15	15	15	7	7	7	7	27
2017	206	70	78	7	7	7	7	15	7	7	15
2017	207	69	79	15	7	27	7	7	7	3	3
2017	208	68	80	3	3	7	3	7	7	3	15
2017	209	70	81	7	3	3	7	7	15	15	7
2017	210	70	81	3	3	7	3	3	3	0	3
2017	211	70	82	3	7	3	3	3	0	3	0
2017	212	72	82	0	3	0	3	3	0	0	3
2017	213	74	83	3	3	7	7	15	3	3	3
2017	214	74	83	3	3	3	3	7	7	3	3
2017	215	75	83	3	3	3	3	7	27	27	27
2017	216	74	83	15	27	27	27	27	27	15	15
2017	217	74	83	15	27	15	7	15	15	15	15
2017	218	74	83	15	15	15	27	7	3	7	7
2017	219	73	83	3	7	7	7	7	3	0	3
2017	220	71	83	3	3	3	3	3	7	7	3
2017	221	72	83	3	3	7	3	3	3	3	7
2017	222	71	83	3	3	7	7	7	3	0	7
2017	223	70	83	7	7	3	3	3	7	15	7
2017	224	70	83	15	15	7	7	7	3	15	15
2017	225	68	83	7	7	7	7	7	7	7	7
2017	226	73	83	7	3	3	3	7	3	3	7
2017	227	74	83	3	3	3	3	3	0	3	3
2017	228	77	83	7	3	3	7	3	3	3	7
2017	229	77	83	15	7	48	48	48	15	27	27
2017	230	80	83	27	15	7	15	27	15	48	15
2017	231	87	83	48	27	48	27	27	48	15	27
2017	232	86	83	48	48	15	15	7	15	15	15
2017	233	87	83	15	7	15	15	7	3	7	15
2017	234	90	83	80	48	15	7	15	7	7	15
2017	235	85	83	15	27	27	15	48	27	48	15
2017	236	79	83	15	15	15	15	15	7	3	3
2017	237	81	83	3	3	7	7	7	3	3	7
2017	238	78	83	3	3	7	3	3	7	3	3
2017	239	78	83	15	3	3	15	7	15	15	15
2017	240	82	83	3	3	3	3	3	3	0	3
2017	241	84	83	3	7	7	3	3	7	27	15
2017	242	87	83	7	7	7	3	3	0	0	0
2017	243	92	83	7	15	48	48	48	27	27	15
2017	244	93	83	27	15	7	27	27	7	7	27
2017	245	100	83	27	48	48	15	7	15	15	15
2017	246	120	83	15	15	3	7	15	7	7	7
2017	247	183	83	27	15	7	7	7	7	27	48
2017	248	121	83	27	15	15	7	7	15	7	7
2017	249	133	83	7	7	7	15	15	7	0	27
2017	250	125	83	15	27	27	27	15	7	7	240
2017	251	117	83	240	48	27	48	240	140	80	48
2017	252	107	83	15	7	7	3	3	3	3	3
2017	253	100	83	3	0	3	3	3	15	7	27
2017	254	80	83	15	15	7	7	15	7	15	15
2017	255	76	83	15	7	15	7	15	7	27	48
2017	256	75	83	48	15	27	7	7	7	3	0
2017	257	74	83	7	7	3	7	27	80	48	27
2017	258	73	83	80	27	48	15	27	15	48	48
2017	259	72	84	48	80	15	15	27	27	15	27
2017	260	72	84	15	27	7	15	27	27	7	7
2017	261	72	84	27	27	48	27	15	15	7	15
2017	262	71	84	15	7	3	7	7	7	15	15
2017	263	74	84	15	15	7	7	7	3	7	3
2017	264	73	84	3	7	15	7	7	0	3	7
2017	265	78	84	3	3	3	3	3	3	7	7
2017	266	81	84	3	7	3	3	3	3	7	7
2017	267	87	84	3	7	3	3	3	3	7	15
2017	268	90	84	15	7	3	3	0	3	0	3
2017	269	91	84	3	3	7	3	3	0	0	7
2017	270	91	84	15	7	48	27	27	15	80	80
2017	271	91	84	80	140	140	48	27	27	27	48
2017	272	90	83	15	7	15	15	15	7	7	7
2017	273	89	83	7	15	27	7	15	27	7	0
2017	274	86	83	15	7	15	7	7	15	7	15
2017	275	86	83	7	27	7	7	7	3	0	0
2017	276	86	82	15	15	15	7	0	3	3	3
2017	277	87	82	7	15	3	3	3	0	3	7
2017	278	87	82	15	3	3	3	3	3	3	15
2017	279	84	82	15	15	7	7	7	7	3	7
2017	280	80	82	7	3	3	3	3	3	7	3
2017	281	77	82	3	7	3	0	3	3	3	3
2017	282	72	82	7	3	3	3	0	0	0	3
2017	283	71	82	0	0	0	3	3	0	3	15
2017	284	70	82	15	27	48	27	27	48	27	27
2017	285	70	81	48	27	27	27	48	27	15	27
2017	286	70	81	15	48	7	27	80	48	80	48
2017	287	69	80	48	27	48	48	27	27	15	15
2017	288	70	79	27	48	15	27	48	27	15	3
2017	289	71	78	7	15	7	7	7	3	15	7
2017	290	70	78	7	3	7	7	7	3	3	3
2017	291	73	77	3	7	3	3	3	0	3	7
2017	292	73	77	15	15	7	7	7	15	15	15
2017	293	76	76	27	7	7	7	7	3	3	7
2017	294	77	76	7	7	7	7	7	15	15	15
2017	295	77	76	15	7	3	3	3	3	3	7
2017	296	78	76	15	3	7	7	3	3	3	3
2017	297	78	76	7	3	7	15	27	48	15	27
2017	298	79	75	27	27	48	15	7	15	15	27
2017	299	77	75	27	7	27	27	27	27	15	3
2017	300	76	75	15	3	3	3	0	0	7	7
2017	301	75	75	7	7	7	7	3	3	3	3
2017	302	75	75	3	7	3	3	3	3	3	0
2017	303	76	75	3	3	0	0	3	0	0	3
2017	304	75	75	3	0	0	3	7	0	0	0
2017	305	73	75	3	0	3	3	3	3	3	3
2017	306	74	75	15	7	7	3	7	3	7	15
2017	307	73	75	27	7	7	7	15	3	3	3
2017	308	72	75	3	3	3	3	3	3	3	3
2017	309	71	75	3	3	0	0	0	0	3	3
2017	310	69	74	3	0	0	0	0	0	3	0
2017	311	68	74	3	15	27	48	27	27	80	80
2017	312	68	74	80	80	15	48	48	48	15	48
2017	313	66	74	27	27	15	15	15	27	15	27
2017	314	69	74	15	27	27	27	27	27	15	15
2017	315	67	73	15	7	7	7	7	3	3	3
2017	316	69	73	3	7	3	3	3	3	7	7
2017	317	72	73	7	7	7	7	3	7	3	3
2017	318	74	73	15	15	15	7	3	15	7	15
2017	319	74	73	7	15	15	27	7	27	15	7
2017	320	73	73	27	27	15	7	3	3	7	15
2017	321	76	73	3	7	7	15	7	0	0	3
2017	322	76	73	7	7	7	7	7	3	3	7
2017	323	74	73	3	7	15	3	0	0	3	3
2017	324	74	73	3	3	0	3	3	7	15	27
2017	325	73	73	27	48	48	27	15	15	27	27
2017	326	73	73	15	15	7	7	15	7	15	7
2017	327	72	73	7	3	15	15	7	7	7	15
2017	328	74	73	15	7	7	3	0	0	15	15
2017	329	74	73	27	15	7	3	0	3	3	0
2017	330	76	72	0	0	3	3	3	3	3	3
2017	331	74	72	7	3	3	3	7	3	7	3
2017	332	72	72	27	7	7	7	7	3	3	3
2017	333	73	72	3	3	7	3	0	3	3	7
2017	334	72	72	7	27	3	3	15	15	7	15
2017	335	70	72	7	15	7	3	3	15	7	3
2017	336	72	72	3	0	3	3	0	15	3	3
2017	337	69	72	0	0	0	3	0	0	0	3
2017	338	68	72	0	0	7	3	7	27	15	27
2017	339	68	72	27	15	27	48	48	27	27	27
2017	340	68	72	15	27	15	7	15	15	15	7
2017	341	68	72	7	15	7	3	15	15	7	7
2017	342	70	72	7	7	7	3	7	3	3	3
2017	343	71	72	3	3	3	3	3	3	3	0
2017	344	72	72	0	0	3	0	3	3	0	3
2017	345	72	72	3	15	15	7	15	7	15	3
2017	346	71	71	15	15	15	15	7	15	27	15
2017	347	72	71	3	3	7	3	7	7	15	15
2017	348	72	71	15	3	3	3	3	0	3	3
2017	349	72	71	3	3	3	3	7	3	3	7
2017	350	71	71	0	0	3	3	3	3	3	7
2017	351	71	71	15	15	48	15	15	27	48	27
2017	352	72	71	27	27	27	15	15	7	7	3
2017	353	69	71	3	3	3	3	3	7	7	15
2017	354	74	71	7	7	3	7	3	3	7	0
2017	355	76	71	3	3	3	3	3	3	0	0
2017	356	75	71	0	3	3	0	0	0	0	3
2017	357	76	71	3	15	7	7	3	0	3	3
2017	358	76	71	3	7	7	15	15	15	15	15
2017	359	76	71	15	3	7	15	3	7	15	7
2017	360	72	71	15	15	3	7	3	3	27	15
2017	361	71	71	7	15	7	3	3	7	7	7
2017	362	71	71	3	3	7	3	7	7	3	7
2017	363	72	71	3	3	0	3	3	3	7	3
2017	364	70	71	3	3	3	0	3	3	3	7
2017	365	71	71	3	0	0	0	0	3	7	7
2018	1	69	71	15	27	7	7	15	3	3	3
2018	2	70	72	7	3	3	3	7	3	7	3
2018	3	71	72	3	3	3	3	3	3	3	3
2018	4	70	72	3	3	3	0	3	0	7	3
2018	5	69	72	3	7	7	3	3	3	3	7
2018	6	69	72	7	0	3	0	0	0	3	0
2018	7	70	72	3	0	0	0	0	3	3	3
2018	8	70	72	0	0	15	3	27	15	7	7
2018	9	71	72	27	7	7	7	7	7	7	7
2018	10	70	71	7	7	3	3	3	3	3	0
2018	11	71	71	0	3	0	0	3	3	3	3
2018	12	71	71	3	3	3	3	3	7	3	0
2018	13	71	71	0	3	7	3	7	7	15	7
2018	14	71	71	48	27	7	7	7	7	3	7
2018	15	70	72	27	7	15	7	3	7	7	7
2018	16	71	72	7	0	3	7	3	3	3	3
2018	17	71	72	3	0	0	3	3	0	3	3
2018	18	71	72	0	3	0	0	0	3	3	3
2018	19	71	72	3	15	15	7	3	3	7	7
2018	20	70	71	15	15	15	3	3	3	7	3
2018	21	68	71	3	3	7	15	15	7	15	15
2018	22	70	71	15	15	7	7	3	7	15	15
2018	23	71	71	7	7	3	3	3	3	0	0
2018	24	70	71	0	3	0	3	15	15	3	27
2018	25	70	71	15	15	7	7	3	15	7	7
2018	26	70	71	15	7	15	3	0	3	7	7
2018	27	69	71	15	7	3	7	3	3	7	3
2018	28	69	71	3	3	0	3	7	3	3	7
2018	29	68	71	3	0	7	7	3	3	3	3
2018	30	69	71	3	15	7	3	3	0	3	3
2018	31	69	71	0	0	7	7	7	7	3	15
2018	32	69	71	7	3	0	3	0	0	3	3
2018	33	69	71	7	3	3	3	3	3	0	0
2018	34	69	71	0	0	3	3	0	3	7	3
2018	35	73	71	0	3	0	3	0	3	7	3
2018	36	74	70	15	7	7	7	15	7	3	3
2018	37	75	70	3	7	7	7	3	0	3	3
2018	38	77	70	3	3	3	7	7	0	0	0
2018	39	78	70	3	3	3	3	3	0	3	7
2018	40	78	70	3	15	3	0	0	0	3	7
2018	41	78	70	3	7	3	15	7	7	7	3
2018	42	78	70	3	0	0	3	0	3	3	3
2018	43	79	70	0	3	7	3	0	0	7	3
2018	44	76	70	0	3	3	3	3	3	3	3
2018	45	75	70	3	0	0	0	0	0	3	7
2018	46	73	70	3	0	7	3	7	27	15	15
2018	47	72	70	7	7	7	3	3	3	7	7
2018	48	69	70	15	27	15	7	15	7	3	7
2018	49	70	70	27	7	15	7	15	27	7	7
2018	50	69	70	48	27	7	7	7	7	27	15
2018	51	71	70	15	3	0	3	3	3	3	0
2018	52	68	70	0	0	3	7	3	3	3	3
2018	53	70	70	7	3	3	7	7	15	27	27
2018	54	70	70	7	27	15	48	7	7	15	7
2018	55	70	70	15	15	15	7	7	0	3	3
2018	56	69	70	3	0	3	0	0	7	7	7
2018	57	72	70	7	7	7	7	7	3	3	15
2018	58	70	70	27	48	7	7	27	7	3	3
2018	59	70	70	7	7	3	7	7	3	3	3
2018	60	67	70	3	7	3	3	3	3	7	7
2018	61	68	70	7	3	3	3	3	3	3	3
2018	62	68	70	3	0	7	7	7	3	7	15
2018	63	68	70	15	7	7	3	3	3	3	3
2018	64	68	70	7	3	3	3	3	7	3	3
2018	65	68	70	7	3	3	3	3	7	3	3
2018	66	68	70	3	0	3	0	0	0	7	3
2018	67	67	70	0	3	7	3	0	0	3	3
2018	68	68	70	15	15	3	3	3	3	15	27
2018	69	68	70	27	27	15	7	7	3	7	7
2018	70	68	70	15	7	7	3	3	3	3	3
2018	71	68	70	3	0	0	3	3	3	3	0
2018	72	69	70	0	3	7	3	3	3	3	0
2018	73	68	70	3	0	3	3	3	27	15	27
2018	74	69	70	27	15	7	15	3	15	15	27
2018	75	69	70	15	27	15	15	15	27	15	27
2018	76	70	70	27	15	15	7	7	3	7	15
2018	77	69	70	15	15	3	3	15	27	48	80
2018	78	70	70	48	27	15	3	7	7	7	15
2018	79	69	70	15	15	3	3	7	0	7	7
2018	80	69	70	7	7	3	0	3	0	7	3
2018	81	69	70	3	7	3	3	3	7	15	15
2018	82	68	70	27	15	7	15	7	7	27	27
2018	83	68	70	7	7	7	7	7	7	7	15
2018	84	68	69	27	27	15	15	7	7	7	27
2018	85	68	69	15	15	15	7	7	7	7	15
2018	86	68	69	15	15	15	7	7	3	0	3
2018	87	69	69	3	0	3	3	0	0	0	0
2018	88	69	69	0	0	3	7	3	7	3	3
2018	89	69	69	7	7	3	3	3	3	3	3
2018	90	69	69	15	7	7	7	7	3	3	3
2018	91	69	69	7	3	3	7	7	3	3	3
2018	92	68	69	7	3	3	3	7	7	3	3
2018	93	68	69	7	7	7	0	0	0	0	0
2018	94	69	69	0	3	3	7	7	7	3	7
2018	95	66	69	15	7	3	3	3	15	15	7
2018	96	67	69	3	3	3	3	3	7	3	3
2018	97	67	69	3	3	3	3	3	3	0	7
2018	98	68	69	3	7	0	3	3	7	7	7
2018	99	69	69	7	3	15	7	7	7	7	27
2018	100	69	69	7	27	27	15	15	15	7	15
2018	101	68	69	48	27	27	7	7	0	3	7
2018	102	70	69	7	7	15	7	7	7	7	15
2018	103	70	69	27	7	7	7	7	3	7	7
2018	104	70	69	7	7	0	3	7	7	7	7
2018	105	71	69	7	7	3	3	7	3	3	7
2018	106	69	70	3	3	0	3	3	0	0	3
2018	107	69	70	3	3	3	3	3	3	0	7
2018	108	71	70	3	7	3	7	7	7	3	3
2018	109	71	70	0	3	0	7	3	0	3	0
2018	110	73	70	27	48	80	80	27	27	48	15
2018	111	77	70	15	15	15	7	7	15	15	3
2018	112	76	70	7	7	7	3	7	3	3	7
2018	113	74	70	15	7	3	3	3	3	7	7
2018	114	73	70	3	0	7	3	7	3	7	7
2018	115	71	70	7	7	7	3	3	0	0	3
2018	116	69	70	7	3	3	3	3	0	3	7
2018	117	69	70	3	0	3	3	7	15	7	7
2018	118	70	70	7	3	3	3	3	3	3	3
2018	119	71	70	3	0	3	3	7	3	0	3
2018	120	70	70	15	7	3	3	7	7	7	3
2018	121	68	70	0	3	3	0	3	0	3	3
2018	122	67	70	3	7	3	3	3	3	3	0
2018	123	67	70	3	3	3	3	3	3	3	7
2018	124	68	70	3	3	3	3	3	3	3	3
2018	125	68	70	3	3	0	15	15	48	27	48
2018	126	67	70	80	27	15	15	15	15	27	48
2018	127	70	71	27	27	15	7	15	15	7	15
2018	128	70	71	15	15	15	15	7	27	27	7
2018	129	70	71	15	15	15	7	15	7	27	27
2018	130	70	71	15	15	15	15	7	15	3	7
2018	131	70	71	7	27	27	7	15	7	27	27
2018	132	70	71	15	27	7	7	3	3	7	7
2018	133	71	71	7	7	7	7	7	7	7	7
2018	134	70	71	7	3	7	3	3	3	3	7
2018	135	70	71	3	3	3	3	3	3	3	7
2018	136	70	71	0	0	3	3	3	3	7	7
2018	137	69	71	15	7	7	15	15	7	7	7
2018	138	69	72	7	3	3	3	3	3	3	3
2018	139	70	72	0	3	0	3	3	3	3	3
2018	140	69	72	3	3	7	3	3	3	0	0
2018	141	70	72	0	3	3	3	0	3	0	3
2018	142	71	72	3	3	7	3	3	3	7	7
2018	143	73	71	7	7	15	15	15	7	3	7
2018	144	74	71	7	7	3	3	3	3	3	3
2018	145	76	71	7	3	0	3	3	0	3	0
2018	146	73	71	0	3	3	3	7	3	3	7
2018	147	75	71	7	7	3	3	3	3	3	3
2018	148	77	71	3	3	3	3	7	3	3	3
2018	149	75	71	3	7	3	3	3	3	3	3
2018	150	75	72	3	3	3	3	3	3	7	7
2018	151	77	72	7	7	3	7	7	27	27	15
2018	152	75	71	15	27	27	27	48	27	15	15
2018	153	74	71	15	27	15	7	15	7	27	27
2018	154	74	71	15	7	3	7	15	15	7	7
2018	155	71	71	3	7	7	3	3	3	7	3
2018	156	71	71	7	7	7	7	7	7	7	3
2018	157	71	71	3	3	0	3	3	7	27	7
2018	158	69	72	15	7	3	3	3	3	3	7
2018	159	68	72	3	7	3	7	7	0	0	0
2018	160	67	72	3	3	3	7	3	3	3	3
2018	161	70	72	3	7	3	0	3	3	3	3
2018	162	70	72	3	3	3	0	3	3	0	7
2018	163	70	72	7	7	3	0	3	0	3	3
2018	164	71	72	3	3	7	3	3	3	3	7
2018	165	72	72	7	3	7	3	3	3	3	3
2018	166	71	72	3	3	3	3	3	3	3	3
2018	167	71	72	3	3	3	3	3	3	0	3
2018	168	72	71	3	3	3	3	3	3	7	7
2018	169	74	71	48	27	27	27	15	7	7	7
2018	170	77	71	7	7	15	7	7	3	3	3
2018	171	82	71	3	7	7	7	3	3	3	3
2018	172	82	71	3	3	3	3	3	0	3	0
2018	173	80	71	0	3	3	3	3	3	3	3
2018	174	77	71	7	15	7	27	27	15	7	27
2018	175	75	71	7	7	15	7	7	3	3	7
2018	176	73	71	3	3	3	7	7	7	15	48
2018	177	71	71	48	15	15	27	15	15	15	7
2018	178	70	71	3	7	7	7	7	3	3	15
2018	179	70	71	7	3	3	3	7	3	7	3
2018	180	69	71	3	7	3	3	3	3	0	0
2018	181	69	71	0	3	3	3	3	3	0	3
2018	182	68	71	0	3	3	3	3	0	0	3
2018	183	67	71	3	3	3	3	3	3	3	0
2018	184	68	71	0	3	3	3	3	7	3	3
2018	185	68	71	3	3	7	3	7	3	3	3
2018	186	68	71	7	3	3	7	15	27	48	27
2018	187	71	71	15	7	3	7	7	3	3	7
2018	188	72	71	7	7	3	7	3	3	7	0
2018	189	72	71	3	3	3	3	3	3	3	3
2018	190	73	71	3	3	0	3	0	0	0	3
2018	191	73	71	7	7	7	7	7	3	3	3
2018	192	73	71	0	7	15	15	15	7	7	7
2018	193	73	70	3	15	15	7	7	7	7	7
2018	194	73	70	7	7	7	3	3	7	3	3
2018	195	73	70	3	7	7	7	7	3	3	0
2018	196	73	70	3	3	3	3	3	0	3	3
2018	197	72	70	3	7	15	7	7	7	15	15
2018	198	71	70	3	15	15	7	3	7	3	7
2018	199	71	70	3	3	3	3	3	3	3	3
2018	200	71	70	3	3	3	3	3	3	3	3
2018	201	71	70	7	3	7	15	7	3	7	7
2018	202	70	70	7	7	15	15	15	7	7	7
2018	203	68	70	7	3	7	7	3	3	3	3
2018	204	67	70	0	3	3	3	3	0	3	3
2018	205	67	70	27	15	15	15	7	15	15	27
2018	206	66	70	15	15	7	7	3	3	3	7
2018	207	66	70	3	3	3	3	7	3	0	3
2018	208	67	70	3	3	3	3	3	3	3	7
2018	209	68	70	7	7	7	7	7	3	3	3
2018	210	68	70	7	3	3	3	3	3	7	3
2018	211	68	70	3	3	3	3	3	3	7	7
2018	212	69	70	7	3	3	3	3	3	7	15
2018	213	70	70	7	3	3	3	7	7	7	15
2018	214	70	70	15	7	7	3	3	0	0	3
2018	215	70	69	3	3	3	15	7	3	3	3
2018	216	70	69	7	7	3	7	3	3	3	7
2018	217	69	69	3	3	3	7	3	3	0	3
2018	218	69	69	0	3	3	3	7	3	3	3
2018	219	70	69	7	7	7	7	15	7	15	7
2018	220	70	69	3	3	7	3	7	3	3	3
2018	221	70	69	3	3	7	7	3	0	3	3
2018	222	70	69	3	3	3	0	3	3	3	3
2018	223	67	69	7	7	7	7	15	7	7	27
2018	224	68	69	3	3	3	7	7	3	7	7
2018	225	68	69	3	7	3	7	7	3	3	3
2018	226	69	69	7	3	3	3	3	0	0	7
2018	227	69	69	7	3	7	15	27	15	15	27
2018	228	68	69	27	7	15	7	7	7	7	15
2018	229	67	69	15	27	15	7	3	3	15	15
2018	230	67	69	7	15	27	15	15	15	3	7
2018	231	67	69	7	7	7	7	3	7	7	7
2018	232	68	69	27	15	7	7	15	15	27	7
2018	233	68	69	15	7	7	7	3	3	3	7
2018	234	67	69	7	15	7	3	7	3	0	7
2018	235	70	69	7	3	7	3	3	3	3	3
2018	236	72	69	0	3	7	7	15	3	3	3
2018	237	72	69	3	3	7	7	7	3	15	27
2018	238	71	69	80	140	140	48	48	80	48	15
2018	239	70	69	7	15	15	27	27	80	48	15
2018	240	70	69	27	15	7	15	7	3	0	3
2018	241	71	69	7	7	3	3	3	7	3	7
2018	242	68	69	7	3	3	3	3	0	3	7
2018	243	68	69	7	3	3	3	3	7	7	3
2018	244	68	69	3	3	3	3	7	3	7	3
2018	245	68	69	7	7	7	3	3	3	3	7
2018	246	68	69	7	7	3	3	3	3	3	3
2018	247	68	69	7	15	15	3	3	7	7	15
2018	248	68	69	27	15	7	15	15	7	7	3
2018	249	67	69	7	3	7	3	3	3	3	7
2018	250	68	69	7	7	3	3	3	3	3	3
2018	251	69	69	3	3	15	3	3	3	3	7
2018	252	68	69	7	7	3	3	7	3	7	15
2018	253	69	69	3	3	3	7	15	48	48	48
2018	254	69	69	27	48	80	80	27	15	15	7
2018	255	70	69	7	7	3	7	7	7	7	15
2018	256	70	69	27	27	15	15	15	15	7	15
2018	257	69	69	48	27	15	7	7	7	15	15
2018	258	69	69	15	15	7	7	7	3	3	7
2018	259	69	69	7	7	7	7	3	0	3	7
2018	260	68	69	15	15	7	7	7	7	15	15
2018	261	68	69	15	7	7	7	3	3	3	3
2018	262	68	69	3	15	7	3	0	3	0	0
2018	263	67	69	3	0	0	3	3	0	0	0
2018	264	67	69	3	3	3	3	3	3	7	48
2018	265	68	69	48	27	15	27	27	15	27	27
2018	266	68	69	27	15	7	15	15	7	7	7
2018	267	69	69	15	15	7	7	7	3	7	7
2018	268	68	69	7	15	3	15	15	7	15	15
2018	269	69	69	3	7	15	3	7	7	3	15
2018	270	67	69	7	7	15	7	7	3	3	7
2018	271	69	69	15	15	15	3	3	0	3	7
2018	272	69	69	7	15	7	15	7	7	3	15
2018	273	68	69	3	15	0	3	3	0	7	7
2018	274	70	69	0	7	3	7	27	7	7	7
2018	275	67	69	27	15	7	3	7	3	7	0
2018	276	68	69	3	3	3	7	3	3	7	15
2018	277	67	69	3	0	3	0	3	7	3	3
2018	278	69	69	15	15	7	7	15	3	3	7
2018	279	69	69	15	3	7	7	3	0	3	0
2018	280	68	69	0	3	3	15	27	48	48	48
2018	281	69	69	27	27	27	15	27	15	7	7
2018	282	70	69	15	15	15	27	15	27	15	15
2018	283	70	69	27	3	3	7	15	15	48	15
2018	284	71	69	15	15	15	7	7	7	7	3
2018	285	72	69	3	7	7	3	3	3	3	3
2018	286	72	69	3	15	3	3	7	48	27	27
2018	287	72	69	7	3	3	7	7	7	3	7
2018	288	70	69	15	7	7	7	7	15	15	15
2018	289	70	69	7	3	3	7	7	7	3	3
2018	290	70	69	0	3	7	0	0	0	0	3
2018	291	70	69	3	3	3	0	0	0	0	0
2018	292	70	69	0	0	0	0	0	0	0	3
2018	293	70	69	3	0	0	0	0	0	0	0
2018	294	71	69	0	0	0	7	7	7	3	3
2018	295	71	69	15	7	7	3	3	3	3	3
2018	296	72	69	3	7	3	3	3	3	0	0
2018	297	70	69	3	0	3	7	0	0	3	3
2018	298	69	69	0	7	3	7	3	7	7	7
2018	299	69	69	7	3	3	7	7	3	7	7
2018	300	69	69	3	7	7	7	0	0	3	0
2018	301	68	69	7	3	3	3	0	3	3	0
2018	302	69	69	3	3	3	3	3	3	3	0
2018	303	67	69	7	7	3	3	0	3	3	3
2018	304	68	69	3	0	0	3	3	3	3	7
2018	305	67	69	3	3	7	7	3	3	3	3
2018	306	68	69	7	3	3	7	3	3	3	0
2018	307	67	69	7	7	3	0	0	0	0	3
2018	308	67	69	3	3	3	3	3	15	48	48
2018	309	68	69	27	80	48	48	15	15	27	15
2018	310	69	69	7	27	7	7	7	3	3	15
2018	311	69	69	15	15	15	3	3	3	7	15
2018	312	70	70	15	27	7	15	3	3	7	3
2018	313	69	70	3	3	3	7	3	15	15	27
2018	314	69	70	7	7	7	27	7	3	15	27
2018	315	69	70	15	7	7	3	3	3	7	7
2018	316	68	70	7	15	15	3	7	3	7	7
2018	317	67	70	7	3	3	3	3	0	3	0
2018	318	68	70	0	3	3	3	3	3	3	0
2018	319	68	70	0	0	0	0	0	3	0	0
2018	320	71	70	0	0	3	0	0	3	0	0
2018	321	73	70	0	0	3	0	0	0	0	0
2018	322	72	70	0	3	0	3	3	3	0	3
2018	323	71	70	3	7	3	3	0	3	3	3
2018	324	71	70	7	15	3	3	0	3	3	3
2018	325	69	70	3	15	3	3	3	0	0	3
2018	326	69	70	3	3	3	3	3	3	3	0
2018	327	69	70	3	3	3	3	0	0	3	3
2018	328	70	70	3	0	3	3	3	7	3	3
2018	329	70	70	3	3	0	3	3	3	0	3
2018	330	69	70	3	3	0	0	0	0	0	3
2018	331	68	70	3	3	0	3	7	7	7	7
2018	332	68	70	3	3	0	0	0	3	3	3
2018	333	68	70	7	0	0	0	0	0	0	3
2018	334	68	70	3	0	0	0	3	0	0	0
2018	335	69	70	3	3	3	3	7	15	15	7
2018	336	69	70	7	7	15	7	7	15	15	27
2018	337	68	70	15	7	7	3	15	15	15	7
2018	338	69	70	15	15	7	7	3	7	3	7
2018	339	71	70	7	7	0	3	3	3	0	7
2018	340	70	70	7	7	3	3	7	3	3	3
2018	341	70	70	3	15	15	7	7	7	15	7
2018	342	71	70	7	15	15	7	7	15	7	7
2018	343	72	70	7	3	3	3	3	15	15	27
2018	344	71	70	15	15	15	15	7	7	7	7
2018	345	71	70	3	7	15	7	0	7	7	7
2018	346	71	70	7	3	3	3	3	3	7	3
2018	347	70	70	0	3	0	0	0	3	0	0
2018	348	71	70	3	3	0	3	0	3	3	3
2018	349	71	70	3	0	0	0	0	0	3	0
2018	350	70	70	3	0	3	0	0	3	0	3
2018	351	70	70	3	3	7	3	3	7	7	7
2018	352	70	70	15	3	3	3	7	7	15	3
2018	353	70	70	3	3	3	7	3	7	3	7
2018	354	70	70	15	15	15	7	3	7	15	15
2018	355	71	70	7	7	3	3	3	0	3	3
2018	356	71	70	3	3	0	3	0	0	3	3
2018	357	70	70	3	0	0	0	3	0	3	3
2018	358	70	71	3	0	0	3	3	3	3	3
2018	359	70	71	3	7	0	0	3	3	3	3
2018	360	69	71	3	0	0	3	3	3	3	0
2018	361	69	71	3	7	3	0	0	3	3	15
2018	362	69	71	27	27	48	15	27	15	27	15
2018	363	69	71	15	15	15	7	15	7	7	7
2018	364	69	71	3	15	15	7	7	15	7	7
2018	365	69	71	15	7	7	7	7	3	0	3
2019	1	72	71	3	3	15	7	7	3	0	3
2019	2	73	71	0	0	0	0	0	3	0	3
2019	3	73	71	3	0	0	3	3	0	0	3
2019	4	72	71	3	3	3	7	7	15	15	15
2019	5	71	71	48	27	7	7	7	7	7	15
2019	6	72	71	7	15	7	7	7	7	15	7
2019	7	72	71	7	15	7	7	7	3	3	7
2019	8	71	71	7	7	7	7	7	3	3	3
2019	9	72	71	7	0	3	7	3	0	3	3
2019	10	70	71	3	3	3	3	7	0	0	3
2019	11	68	71	7	3	27	3	3	3	3	3
2019	12	70	71	3	3	0	0	3	3	3	3
2019	13	69	71	0	7	3	3	0	0	3	3
2019	14	70	71	7	7	7	7	3	7	3	7
2019	15	70	71	15	3	3	3	3	3	7	3
2019	16	70	71	3	7	7	3	0	3	7	15
2019	17	69	71	15	7	3	3	3	7	7	7
2019	18	69	71	7	7	3	7	7	3	3	3
2019	19	70	71	3	3	0	7	0	0	3	15
2019	20	69	71	7	3	3	3	3	3	3	3
2019	21	70	71	3	0	0	3	3	3	7	7
2019	22	71	71	3	3	0	0	3	3	7	7
2019	23	72	71	15	15	7	15	15	15	7	27
2019	24	72	71	27	15	27	7	3	15	27	48
2019	25	75	71	15	7	15	15	15	15	7	7
2019	26	77	71	3	7	7	3	15	15	3	0
2019	27	75	71	7	3	3	3	3	3	3	3
2019	28	76	71	3	0	0	0	0	0	0	0
2019	29	73	71	3	0	0	0	3	0	0	0
2019	30	74	71	0	0	0	0	0	0	3	3
2019	31	72	71	3	0	3	3	15	15	15	48
2019	32	72	71	15	27	15	7	15	15	15	27
2019	33	71	71	27	27	15	7	7	27	15	15
2019	34	71	71	27	15	15	3	3	7	7	15
2019	35	71	71	3	0	3	0	7	7	15	15
2019	36	71	71	15	3	3	0	0	3	3	3
2019	37	71	71	7	7	7	15	15	3	7	15
2019	38	70	71	7	3	3	0	0	3	7	3
2019	39	72	71	7	7	7	3	3	3	7	27
2019	40	70	71	15	7	7	7	7	15	15	3
2019	41	70	71	7	15	3	3	3	3	3	3
2019	42	70	71	3	3	7	3	15	15	7	15
2019	43	70	71	7	15	3	3	3	3	0	15
2019	44	70	71	7	15	15	27	15	15	7	7
2019	45	71	71	15	15	15	15	3	0	7	3
2019	46	71	71	15	3	3	0	3	0	3	0